Record Length,2500,Points,-27.99999857E-6,0.0,
Sample Interval,400.00000467E-9,s,-27.59999916E-6,0.0,
Trigger Point,69.999995595,Samples,-27.19999793E-6,0.0,
,,,-26.79999852E-6,0.0,
,,,-26.39999911E-6,-800.000011921E-3,
,,,-25.99999789E-6,-800.000011921E-3,
Source,CH2,,-25.59999848E-6,-1.6000000,
Vertical Units,Volts,,-25.19999907E-6,-800.000011921E-3,
Vertical Scale,20.0000003,,-24.79999785E-6,-800.000011921E-3,
Vertical Offset,0,,-24.39999844E-6,-800.000011921E-3,
Horizontal Units,s,,-23.99999903E-6,-800.000011921E-3,
Horizontal Scale,100.0000012E-6,,-23.59999780E-6,-800.000011921E-3,
Pt Fmt,Y,,-23.19999840E-6,-800.000011921E-3,
Yzero,-2.0000000,,-22.79999899E-6,-800.000011921E-3,
Probe Atten,10.0000000,,-22.39999776E-6,-1.6000000,
,,,-21.99999835E-6,-800.000011921E-3,
Note,TDS 2024B - 12:11:09   12-11-2021,,-21.59999895E-6,-1.6000000,
,,,-21.19999772E-6,-1.6000000,
,,,-20.79999831E-6,0.0,
,,,-20.39999890E-6,-800.000011921E-3,
,,,-19.9999977E-6,-800.000011921E-3,
,,,-19.5999983E-6,-1.6000000,
,,,-19.1999989E-6,-800.000011921E-3,
,,,-18.7999976E-6,-800.000011921E-3,
,,,-18.3999982E-6,-1.6000000,
,,,-17.9999988E-6,-800.000011921E-3,
,,,-17.5999976E-6,-800.000011921E-3,
,,,-17.1999982E-6,-800.000011921E-3,
,,,-16.7999988E-6,-800.000011921E-3,
,,,-16.3999975E-6,-800.000011921E-3,
,,,-15.9999981E-6,-800.000011921E-3,
,,,-15.5999987E-6,0.0,
,,,-15.1999984E-6,0.0,
,,,-14.7999981E-6,0.0,
,,,-14.3999987E-6,800.000011921E-3,
,,,-13.9999984E-6,0.0,
,,,-13.5999981E-6,800.000011921E-3,
,,,-13.1999986E-6,1.6000000,
,,,-12.7999983E-6,800.000011921E-3,
,,,-12.3999980E-6,0.0,
,,,-11.9999986E-6,0.0,
,,,-11.5999983E-6,0.0,
,,,-11.1999980E-6,800.000011921E-3,
,,,-10.7999986E-6,0.0,
,,,-10.3999982E-6,0.0,
,,,-9.999997928E-6,-800.000011921E-3,
,,,-9.599998521E-6,800.000011921E-3,
,,,-9.199998203E-6,0.0,
,,,-8.799997886E-6,0.0,
,,,-8.399998478E-6,800.000011921E-3,
,,,-7.999998161E-6,-1.6000000,
,,,-7.599998298E-6,800.000011921E-3,
,,,-7.19999844E-6,800.000011921E-3,
,,,-6.79999812E-6,800.000011921E-3,
,,,-6.39999826E-6,800.000011921E-3,
,,,-5.99999839E-6,0.0,
,,,-5.59999808E-6,0.0,
,,,-5.19999821E-6,0.0,
,,,-4.79999835E-6,0.0,
,,,-4.39999849E-6,0.0,
,,,-3.99999817E-6,0.0,
,,,-3.59999831E-6,0.0,
,,,-3.19999822E-6,-800.000011921E-3,
,,,-2.79999836E-6,0.0,
,,,-2.3999983E-6,-800.000011921E-3,
,,,-1.9999982E-6,0.0,
,,,-1.5999983E-6,0.0,
,,,-1.1999982E-6,0.0,
,,,-799.998247203E-9,-800.000011921E-3,
,,,-399.99824253E-9,-800.000011921E-3,
,,,1.7621460E-12,-800.000011921E-3,
,,,400.00176682E-9,0.0,
,,,800.001771495E-9,0.0,
,,,1.2000017E-6,-800.000011921E-3,
,,,1.6000017E-6,800.000011921E-3,
,,,2.0000018E-6,800.000011921E-3,
,,,2.4000019E-6,800.000011921E-3,
,,,2.80000177E-6,0.0,
,,,3.20000186E-6,-800.000011921E-3,
,,,3.60000172E-6,4.80000019,
,,,4.00000181E-6,12.0000000,
,,,4.40000167E-6,19.2000008,
,,,4.80000199E-6,26.39999962,
,,,5.20000185E-6,32.79999924,
,,,5.60000171E-6,38.40000153,
,,,6.00000203E-6,44.00000000,
,,,6.40000189E-6,48.00000000,
,,,6.80000176E-6,52.00000000,
,,,7.20000207E-6,57.600002289,
,,,7.600001936E-6,61.600002289,
,,,8.000001799E-6,64.800003052,
,,,8.400002116E-6,68.800003052,
,,,8.800001524E-6,71.200004578,
,,,9.200001841E-6,72.800003052,
,,,9.600002159E-6,76.000000000,
,,,10.0000016E-6,78.400001526,
,,,10.4000019E-6,79.200004578,
,,,10.8000022E-6,81.599998474,
,,,11.2000016E-6,84.800003052,
,,,11.6000019E-6,84.800003052,
,,,12.0000022E-6,87.200004578,
,,,12.4000017E-6,88.800003052,
,,,12.8000020E-6,90.400001526,
,,,13.2000023E-6,89.599998474,
,,,13.6000017E-6,92.000000000,
,,,14.0000020E-6,92.000000000,
,,,14.4000023E-6,93.599998474,
,,,14.8000017E-6,95.200004578,
,,,15.2000021E-6,96.000000000,
,,,15.6000024E-6,95.200004578,
,,,16.0000018E-6,97.599998474,
,,,16.4000012E-6,97.599998474,
,,,16.8000024E-6,96.800003052,
,,,17.2000018E-6,99.200004578,
,,,17.6000012E-6,100.0000000,
,,,18.0000025E-6,98.400001526,
,,,18.4000019E-6,100.0000000,
,,,18.8000013E-6,100.0000000,
,,,19.2000025E-6,101.5999985,
,,,19.6000019E-6,100.8000031,
,,,20.0000013E-6,101.5999985,
,,,20.40000254E-6,100.0000000,
,,,20.80000195E-6,101.5999985,
,,,21.20000136E-6,102.4000015,
,,,21.60000258E-6,101.5999985,
,,,22.00000199E-6,102.4000015,
,,,22.40000140E-6,103.2000046,
,,,22.80000263E-6,102.4000015,
,,,23.20000203E-6,103.2000046,
,,,23.60000144E-6,103.2000046,
,,,24.00000267E-6,104.0000000,
,,,24.40000208E-6,103.2000046,
,,,24.80000148E-6,104.8000031,
,,,25.20000271E-6,103.2000046,
,,,25.60000212E-6,103.2000046,
,,,26.00000153E-6,104.8000031,
,,,26.40000275E-6,103.2000046,
,,,26.80000216E-6,103.2000046,
,,,27.20000157E-6,103.2000046,
,,,27.60000280E-6,104.0000000,
,,,28.00000220E-6,104.0000000,
,,,28.40000161E-6,105.5999985,
,,,28.80000284E-6,104.8000031,
,,,29.20000225E-6,104.8000031,
,,,29.60000165E-6,104.8000031,
,,,30.00000288E-6,105.5999985,
,,,30.40000229E-6,103.2000046,
,,,30.80000170E-6,104.8000031,
,,,31.20000110E-6,104.8000031,
,,,31.60000051E-6,103.2000046,
,,,32.00000356E-6,103.2000046,
,,,32.40000297E-6,104.8000031,
,,,32.80000237E-6,103.2000046,
,,,33.20000178E-6,104.8000031,
,,,33.60000119E-6,104.8000031,
,,,34.00000060E-6,104.0000000,
,,,34.40000364E-6,104.0000000,
,,,34.80000305E-6,104.8000031,
,,,35.20000246E-6,104.0000000,
,,,35.60000187E-6,104.0000000,
,,,36.00000127E-6,104.8000031,
,,,36.40000068E-6,104.0000000,
,,,36.80000373E-6,104.8000031,
,,,37.20000313E-6,105.5999985,
,,,37.60000254E-6,104.8000031,
,,,38.00000195E-6,104.0000000,
,,,38.40000136E-6,104.8000031,
,,,38.80000077E-6,104.0000000,
,,,39.20000381E-6,104.8000031,
,,,39.60000322E-6,104.0000000,
,,,40.00000263E-6,104.8000031,
,,,40.40000204E-6,103.2000046,
,,,40.80000144E-6,106.4000015,
,,,41.20000085E-6,104.0000000,
,,,41.60000390E-6,104.0000000,
,,,42.00000330E-6,104.0000000,
,,,42.40000271E-6,104.8000031,
,,,42.80000212E-6,104.8000031,
,,,43.20000153E-6,104.8000031,
,,,43.60000094E-6,104.8000031,
,,,44.00000398E-6,104.0000000,
,,,44.40000339E-6,104.0000000,
,,,44.80000280E-6,104.8000031,
,,,45.20000221E-6,104.8000031,
,,,45.60000161E-6,104.8000031,
,,,46.00000102E-6,105.5999985,
,,,46.40000407E-6,104.0000000,
,,,46.80000347E-6,104.0000000,
,,,47.20000288E-6,104.8000031,
,,,47.60000229E-6,104.8000031,
,,,48.00000170E-6,104.8000031,
,,,48.40000111E-6,105.5999985,
,,,48.80000051E-6,104.8000031,
,,,49.20000356E-6,104.8000031,
,,,49.60000297E-6,104.8000031,
,,,50.00000237E-6,104.0000000,
,,,50.40000178E-6,104.0000000,
,,,50.80000119E-6,106.4000015,
,,,51.20000060E-6,105.5999985,
,,,51.60000364E-6,104.0000000,
,,,52.00000305E-6,105.5999985,
,,,52.40000246E-6,105.5999985,
,,,52.80000187E-6,104.0000000,
,,,53.20000128E-6,105.5999985,
,,,53.60000068E-6,104.8000031,
,,,54.00000373E-6,105.5999985,
,,,54.40000314E-6,105.5999985,
,,,54.800002545E-6,104.8000031,
,,,55.200001952E-6,104.0000000,
,,,55.600001360E-6,105.5999985,
,,,56.000000768E-6,104.8000031,
,,,56.400003814E-6,104.0000000,
,,,56.800003222E-6,104.8000031,
,,,57.200002630E-6,105.5999985,
,,,57.600002037E-6,104.0000000,
,,,58.000001445E-6,104.8000031,
,,,58.400000853E-6,105.5999985,
,,,58.800003899E-6,104.8000031,
,,,59.200003307E-6,104.0000000,
,,,59.600002714E-6,105.5999985,
,,,60.000002122E-6,104.8000031,
,,,60.400001530E-6,104.8000031,
,,,60.800000938E-6,105.5999985,
,,,61.200000346E-6,104.8000031,
,,,61.600003392E-6,104.0000000,
,,,61.999999161E-6,104.8000031,
,,,62.400002207E-6,105.5999985,
,,,62.800005253E-6,105.5999985,
,,,63.200001023E-6,104.8000031,
,,,63.600004069E-6,105.5999985,
,,,63.999999838E-6,105.5999985,
,,,64.400002884E-6,105.5999985,
,,,64.800005930E-6,106.4000015,
,,,65.200001700E-6,105.5999985,
,,,65.600004746E-6,105.5999985,
,,,66.000000515E-6,104.8000031,
,,,66.400003561E-6,105.5999985,
,,,66.799999331E-6,105.5999985,
,,,67.200002377E-6,105.5999985,
,,,67.600005423E-6,106.4000015,
,,,68.000001193E-6,104.8000031,
,,,68.400004238E-6,103.2000046,
,,,68.800000008E-6,101.5999985,
,,,69.200003054E-6,100.0000000,
,,,69.600006100E-6,98.400001526,
,,,70.000001870E-6,96.000000000,
,,,70.400004915E-6,92.800003052,
,,,70.800000685E-6,92.000000000,
,,,71.200003731E-6,88.800003052,
,,,71.599999501E-6,87.200004578,
,,,72.000002547E-6,85.599998474,
,,,72.400005592E-6,83.200004578,
,,,72.800001362E-6,80.800003052,
,,,73.200004408E-6,78.400001526,
,,,73.600000178E-6,76.800003052,
,,,74.000003224E-6,74.400001526,
,,,74.399998994E-6,72.800003052,
,,,74.800002039E-6,72.000000000,
,,,75.200005085E-6,70.400001526,
,,,75.600000855E-6,69.599998474,
,,,76.000003901E-6,68.000000000,
,,,76.399999671E-6,67.200004578,
,,,76.800002716E-6,66.400001526,
,,,77.200005762E-6,64.000000000,
,,,77.600001532E-6,64.000000000,
,,,78.000004578E-6,61.600002289,
,,,78.400000348E-6,62.400001526,
,,,78.800003394E-6,61.600002289,
,,,79.199999163E-6,59.200000763,
,,,79.600002209E-6,57.600002289,
,,,80.000005255E-6,57.600002289,
,,,80.400001025E-6,57.600002289,
,,,80.800004071E-6,57.600002289,
,,,81.199999840E-6,55.200000763,
,,,81.600002886E-6,56.000000000,
,,,82.000005932E-6,55.200000763,
,,,82.400001702E-6,55.200000763,
,,,82.800004748E-6,54.40000153,
,,,83.200000518E-6,55.200000763,
,,,83.600003563E-6,54.40000153,
,,,83.999999333E-6,53.60000229,
,,,84.400002379E-6,52.79999924,
,,,84.800005425E-6,53.60000229,
,,,85.200001195E-6,52.79999924,
,,,85.600004240E-6,52.00000000,
,,,86.000000010E-6,52.00000000,
,,,86.400003056E-6,51.20000076,
,,,86.800006102E-6,50.40000153,
,,,87.200001872E-6,50.40000153,
,,,87.600004917E-6,50.40000153,
,,,88.000000687E-6,50.40000153,
,,,88.400003733E-6,50.40000153,
,,,88.799999503E-6,49.60000229,
,,,89.200002549E-6,49.60000229,
,,,89.600005595E-6,48.79999924,
,,,90.000001364E-6,48.79999924,
,,,90.400004410E-6,48.79999924,
,,,90.800000180E-6,48.00000000,
,,,91.200003226E-6,47.20000076,
,,,91.600006272E-6,48.79999924,
,,,92.000002041E-6,48.79999924,
,,,92.400005087E-6,47.20000076,
,,,92.800000857E-6,48.00000000,
,,,93.200003903E-6,49.60000229,
,,,93.599999673E-6,48.00000000,
,,,94.000002719E-6,49.60000229,
,,,94.400005764E-6,48.79999924,
,,,94.800001534E-6,48.79999924,
,,,95.200004580E-6,49.60000229,
,,,95.600000350E-6,50.40000153,
,,,96.000003396E-6,49.60000229,
,,,96.400006441E-6,49.60000229,
,,,96.800002211E-6,50.40000153,
,,,97.200005257E-6,49.60000229,
,,,97.600001027E-6,49.60000229,
,,,98.000004073E-6,49.60000229,
,,,98.399999843E-6,49.60000229,
,,,98.800002888E-6,49.60000229,
,,,99.200005934E-6,48.79999924,
,,,99.600001704E-6,48.00000000,
,,,100.0000047E-6,48.79999924,
,,,100.4000005E-6,48.79999924,
,,,100.8000036E-6,48.00000000,
,,,101.1999993E-6,49.60000229,
,,,101.6000024E-6,48.00000000,
,,,102.0000054E-6,48.79999924,
,,,102.4000012E-6,48.79999924,
,,,102.8000042E-6,47.20000076,
,,,103.2000000E-6,48.79999924,
,,,103.6000031E-6,48.00000000,
,,,104.0000061E-6,48.79999924,
,,,104.4000019E-6,48.79999924,
,,,104.8000049E-6,48.00000000,
,,,105.2000007E-6,47.20000076,
,,,105.6000037E-6,48.00000000,
,,,105.9999995E-6,48.00000000,
,,,106.4000026E-6,48.79999924,
,,,106.8000056E-6,47.20000076,
,,,107.2000014E-6,47.20000076,
,,,107.6000044E-6,48.00000000,
,,,108.0000002E-6,48.00000000,
,,,108.4000032E-6,48.00000000,
,,,108.8000063E-6,48.00000000,
,,,109.2000020E-6,48.00000000,
,,,109.6000051E-6,48.79999924,
,,,110.0000009E-6,47.20000076,
,,,110.4000039E-6,49.60000229,
,,,110.7999997E-6,47.20000076,
,,,111.2000027E-6,48.00000000,
,,,111.6000058E-6,47.20000076,
,,,112.0000015E-6,48.00000000,
,,,112.4000046E-6,48.00000000,
,,,112.8000004E-6,48.00000000,
,,,113.2000034E-6,46.40000153,
,,,113.6000064E-6,47.20000076,
,,,114.0000022E-6,46.40000153,
,,,114.4000053E-6,47.20000076,
,,,114.8000010E-6,46.40000153,
,,,115.2000041E-6,48.00000000,
,,,115.5999998E-6,48.00000000,
,,,116.0000029E-6,48.79999924,
,,,116.4000059E-6,48.00000000,
,,,116.8000017E-6,46.40000153,
,,,117.2000048E-6,47.20000076,
,,,117.6000005E-6,48.00000000,
,,,118.0000036E-6,48.00000000,
,,,118.4000066E-6,47.20000076,
,,,118.8000024E-6,48.00000000,
,,,119.2000054E-6,47.20000076,
,,,119.6000012E-6,47.20000076,
,,,120.0000042E-6,46.40000153,
,,,120.4000000E-6,46.40000153,
,,,120.8000031E-6,47.20000076,
,,,121.2000061E-6,47.20000076,
,,,121.6000019E-6,46.40000153,
,,,122.0000049E-6,47.20000076,
,,,122.4000007E-6,47.20000076,
,,,122.8000037E-6,45.60000229,
,,,123.2000068E-6,47.20000076,
,,,123.6000098E-6,47.20000076,
,,,123.9999983E-6,47.20000076,
,,,124.4000014E-6,48.00000000,
,,,124.8000044E-6,46.40000153,
,,,125.2000075E-6,46.40000153,
,,,125.5999960E-6,46.40000153,
,,,125.9999990E-6,46.40000153,
,,,126.4000020E-6,46.40000153,
,,,126.8000051E-6,47.20000076,
,,,127.2000081E-6,47.20000076,
,,,127.5999966E-6,47.20000076,
,,,127.9999997E-6,47.20000076,
,,,128.4000027E-6,45.60000229,
,,,128.8000058E-6,45.60000229,
,,,129.2000088E-6,46.40000153,
,,,129.5999973E-6,47.20000076,
,,,130.0000004E-6,46.40000153,
,,,130.4000034E-6,46.40000153,
,,,130.8000064E-6,47.20000076,
,,,131.2000095E-6,46.40000153,
,,,131.5999980E-6,47.20000076,
,,,132.0000010E-6,46.40000153,
,,,132.4000041E-6,46.40000153,
,,,132.8000071E-6,47.20000076,
,,,133.2000102E-6,46.40000153,
,,,133.5999987E-6,47.20000076,
,,,134.0000017E-6,48.00000000,
,,,134.4000048E-6,48.00000000,
,,,134.8000078E-6,47.20000076,
,,,135.1999963E-6,47.20000076,
,,,135.5999993E-6,46.40000153,
,,,136.0000024E-6,46.40000153,
,,,136.4000054E-6,48.00000000,
,,,136.8000085E-6,47.20000076,
,,,137.1999970E-6,47.20000076,
,,,137.6000000E-6,47.20000076,
,,,138.0000031E-6,47.20000076,
,,,138.4000061E-6,48.00000000,
,,,138.8000092E-6,47.20000076,
,,,139.1999976E-6,47.20000076,
,,,139.6000007E-6,46.40000153,
,,,140.0000037E-6,47.20000076,
,,,140.4000068E-6,46.40000153,
,,,140.8000098E-6,46.40000153,
,,,141.1999983E-6,46.40000153,
,,,141.6000014E-6,45.60000229,
,,,142.0000044E-6,46.40000153,
,,,142.4000075E-6,45.60000229,
,,,142.8000105E-6,45.60000229,
,,,143.1999990E-6,45.60000229,
,,,143.6000020E-6,46.40000153,
,,,144.0000051E-6,48.00000000,
,,,144.4000081E-6,46.40000153,
,,,144.7999966E-6,47.20000076,
,,,145.1999997E-6,46.40000153,
,,,145.6000027E-6,45.60000229,
,,,146.0000058E-6,45.60000229,
,,,146.4000088E-6,45.60000229,
,,,146.7999973E-6,45.60000229,
,,,147.2000004E-6,45.60000229,
,,,147.6000034E-6,46.40000153,
,,,148.0000064E-6,46.40000153,
,,,148.4000095E-6,46.40000153,
,,,148.79999799E-6,46.40000153,
,,,149.20000103E-6,45.60000229,
,,,149.60000408E-6,44.79999924,
,,,150.00000712E-6,46.40000153,
,,,150.40001017E-6,44.79999924,
,,,150.79999866E-6,46.40000153,
,,,151.20000171E-6,46.40000153,
,,,151.60000476E-6,46.40000153,
,,,152.00000780E-6,46.40000153,
,,,152.39999630E-6,46.40000153,
,,,152.79999934E-6,44.79999924,
,,,153.20000239E-6,48.00000000,
,,,153.60000543E-6,47.20000076,
,,,154.00000848E-6,45.60000229,
,,,154.39999697E-6,45.60000229,
,,,154.80000002E-6,46.40000153,
,,,155.20000306E-6,46.40000153,
,,,155.60000611E-6,45.60000229,
,,,156.00000916E-6,45.60000229,
,,,156.39999765E-6,45.60000229,
,,,156.80000070E-6,45.60000229,
,,,157.20000374E-6,47.20000076,
,,,157.60000679E-6,46.40000153,
,,,158.00000983E-6,46.40000153,
,,,158.39999833E-6,46.40000153,
,,,158.80000137E-6,46.40000153,
,,,159.20000442E-6,47.20000076,
,,,159.60000746E-6,46.40000153,
,,,160.00001051E-6,46.40000153,
,,,160.39999900E-6,45.60000229,
,,,160.80000205E-6,46.40000153,
,,,161.20000510E-6,46.40000153,
,,,161.60000814E-6,45.60000229,
,,,161.99999664E-6,45.60000229,
,,,162.39999968E-6,45.60000229,
,,,162.80000273E-6,46.40000153,
,,,163.20000577E-6,46.40000153,
,,,163.60000882E-6,46.40000153,
,,,163.99999731E-6,46.40000153,
,,,164.40000036E-6,45.60000229,
,,,164.80000340E-6,45.60000229,
,,,165.20000645E-6,45.60000229,
,,,165.60000950E-6,45.60000229,
,,,165.99999799E-6,47.20000076,
,,,166.40000104E-6,46.40000153,
,,,166.80000408E-6,46.40000153,
,,,167.20000713E-6,47.20000076,
,,,167.60001017E-6,45.60000229,
,,,167.99999867E-6,46.40000153,
,,,168.40000171E-6,46.40000153,
,,,168.80000476E-6,45.60000229,
,,,169.20000780E-6,45.60000229,
,,,169.60001085E-6,47.20000076,
,,,169.99999934E-6,45.60000229,
,,,170.40000239E-6,45.60000229,
,,,170.80000544E-6,45.60000229,
,,,171.20000848E-6,45.60000229,
,,,171.59999697E-6,45.60000229,
,,,172.00000002E-6,44.79999924,
,,,172.40000307E-6,44.79999924,
,,,172.80000611E-6,45.60000229,
,,,173.20000916E-6,44.00000000,
,,,173.59999765E-6,44.79999924,
,,,174.00000070E-6,44.00000000,
,,,174.40000374E-6,44.00000000,
,,,174.80000679E-6,44.79999924,
,,,175.20000983E-6,44.79999924,
,,,175.59999833E-6,45.60000229,
,,,176.00000137E-6,44.79999924,
,,,176.40000442E-6,45.60000229,
,,,176.80000747E-6,45.60000229,
,,,177.20001051E-6,44.79999924,
,,,177.59999901E-6,44.79999924,
,,,178.00000205E-6,44.79999924,
,,,178.40000510E-6,45.60000229,
,,,178.80000814E-6,45.60000229,
,,,179.19999664E-6,45.60000229,
,,,179.59999968E-6,46.40000153,
,,,180.00000273E-6,46.40000153,
,,,180.40000577E-6,44.79999924,
,,,180.80000882E-6,44.79999924,
,,,181.19999731E-6,44.79999924,
,,,181.60000036E-6,45.60000229,
,,,182.00000341E-6,44.79999924,
,,,182.40000645E-6,44.79999924,
,,,182.80000950E-6,44.79999924,
,,,183.19999799E-6,46.40000153,
,,,183.60000104E-6,46.40000153,
,,,184.00000408E-6,45.60000229,
,,,184.40000713E-6,45.60000229,
,,,184.80001017E-6,44.00000000,
,,,185.19999867E-6,44.00000000,
,,,185.60000171E-6,44.79999924,
,,,186.00000476E-6,44.79999924,
,,,186.40000781E-6,44.00000000,
,,,186.80001085E-6,44.79999924,
,,,187.19999935E-6,45.60000229,
,,,187.60000239E-6,44.00000000,
,,,188.00000544E-6,44.79999924,
,,,188.40000848E-6,44.79999924,
,,,188.79999698E-6,44.00000000,
,,,189.20000002E-6,44.00000000,
,,,189.60000307E-6,44.00000000,
,,,190.00000611E-6,44.00000000,
,,,190.40000916E-6,44.00000000,
,,,190.79999765E-6,44.00000000,
,,,191.20000070E-6,42.40000153,
,,,191.60000375E-6,44.00000000,
,,,192.00000679E-6,44.00000000,
,,,192.40000984E-6,42.40000153,
,,,192.79999833E-6,42.40000153,
,,,193.20000138E-6,44.00000000,
,,,193.60000442E-6,41.60000229,
,,,194.00000747E-6,42.40000153,
,,,194.40001051E-6,43.20000076,
,,,194.79999901E-6,43.20000076,
,,,195.20000205E-6,43.20000076,
,,,195.60000510E-6,43.20000076,
,,,196.00000815E-6,44.00000000,
,,,196.40001119E-6,43.20000076,
,,,196.79999969E-6,43.20000076,
,,,197.20000273E-6,42.40000153,
,,,197.60000578E-6,42.40000153,
,,,198.00000882E-6,42.40000153,
,,,198.39999732E-6,44.00000000,
,,,198.80000036E-6,43.20000076,
,,,199.20000341E-6,44.79999924,
,,,199.60000645E-6,44.00000000,
,,,200.00000950E-6,42.40000153,
,,,200.39999799E-6,44.00000000,
,,,200.80000104E-6,43.20000076,
,,,201.20000408E-6,43.20000076,
,,,201.60000713E-6,44.00000000,
,,,202.00001018E-6,44.00000000,
,,,202.39999867E-6,44.00000000,
,,,202.80000172E-6,43.20000076,
,,,203.20000476E-6,42.40000153,
,,,203.60000781E-6,43.20000076,
,,,204.00001085E-6,43.20000076,
,,,204.39999935E-6,42.40000153,
,,,204.80000239E-6,42.40000153,
,,,205.20000544E-6,43.20000076,
,,,205.60000848E-6,43.20000076,
,,,205.99999698E-6,42.40000153,
,,,206.40000002E-6,43.20000076,
,,,206.80000307E-6,44.00000000,
,,,207.20000612E-6,42.40000153,
,,,207.60000916E-6,40.79999924,
,,,207.99999766E-6,42.40000153,
,,,208.40000070E-6,41.60000229,
,,,208.80000375E-6,43.20000076,
,,,209.20000679E-6,42.40000153,
,,,209.60000984E-6,42.40000153,
,,,209.99999833E-6,41.60000229,
,,,210.40000138E-6,41.60000229,
,,,210.80000442E-6,42.40000153,
,,,211.20000747E-6,42.40000153,
,,,211.60001052E-6,41.60000229,
,,,211.99999901E-6,41.60000229,
,,,212.40000206E-6,41.60000229,
,,,212.80000510E-6,40.79999924,
,,,213.20000815E-6,41.60000229,
,,,213.60001119E-6,41.60000229,
,,,213.99999969E-6,42.40000153,
,,,214.40000273E-6,42.40000153,
,,,214.80000578E-6,41.60000229,
,,,215.20000882E-6,41.60000229,
,,,215.59999732E-6,42.40000153,
,,,216.00000036E-6,42.40000153,
,,,216.40000341E-6,41.60000229,
,,,216.80000646E-6,42.40000153,
,,,217.20000950E-6,42.40000153,
,,,217.59999800E-6,41.60000229,
,,,218.00000104E-6,42.40000153,
,,,218.40000409E-6,42.40000153,
,,,218.80000713E-6,42.40000153,
,,,219.20001018E-6,41.60000229,
,,,219.59999867E-6,42.40000153,
,,,220.00000172E-6,42.40000153,
,,,220.40000476E-6,43.20000076,
,,,220.80000781E-6,42.40000153,
,,,221.20001086E-6,41.60000229,
,,,221.59999935E-6,42.40000153,
,,,222.00000240E-6,43.20000076,
,,,222.40000544E-6,43.20000076,
,,,222.80000849E-6,42.40000153,
,,,223.20001153E-6,43.20000076,
,,,223.60000003E-6,42.40000153,
,,,224.00000307E-6,42.40000153,
,,,224.40000612E-6,40.79999924,
,,,224.80000916E-6,40.79999924,
,,,225.19999766E-6,40.79999924,
,,,225.60000070E-6,40.79999924,
,,,226.00000375E-6,40.00000000,
,,,226.40000680E-6,40.79999924,
,,,226.80000984E-6,40.79999924,
,,,227.19999833E-6,41.60000229,
,,,227.60000138E-6,40.00000000,
,,,228.00000443E-6,41.60000229,
,,,228.40000747E-6,40.79999924,
,,,228.80001052E-6,40.00000000,
,,,229.19999901E-6,40.79999924,
,,,229.60000206E-6,40.79999924,
,,,230.00000510E-6,40.79999924,
,,,230.40000815E-6,40.00000000,
,,,230.80001120E-6,40.00000000,
,,,231.19999969E-6,40.79999924,
,,,231.60000273E-6,40.79999924,
,,,232.00000578E-6,40.00000000,
,,,232.40000883E-6,40.79999924,
,,,232.79999732E-6,40.00000000,
,,,233.20000037E-6,40.00000000,
,,,233.60000341E-6,40.79999924,
,,,234.00000646E-6,40.79999924,
,,,234.40000950E-6,41.60000229,
,,,234.79999800E-6,41.60000229,
,,,235.20000104E-6,41.60000229,
,,,235.60000409E-6,41.60000229,
,,,236.00000713E-6,40.79999924,
,,,236.40001018E-6,40.79999924,
,,,236.79999867E-6,42.40000153,
,,,237.20000172E-6,40.79999924,
,,,237.60000477E-6,40.00000000,
,,,238.00000781E-6,40.79999924,
,,,238.40001086E-6,40.79999924,
,,,238.79999935E-6,40.79999924,
,,,239.20000240E-6,41.60000229,
,,,239.60000544E-6,40.00000000,
,,,240.00000849E-6,40.79999924,
,,,240.40001153E-6,40.00000000,
,,,240.80000003E-6,40.79999924,
,,,241.20000307E-6,40.79999924,
,,,241.60000612E-6,40.00000000,
,,,242.00000917E-6,40.79999924,
,,,242.39999766E-6,40.00000000,
,,,242.80000071E-6,40.00000000,
,,,243.20000375E-6,41.60000229,
,,,243.60000680E-6,41.60000229,
,,,244.00000984E-6,40.00000000,
,,,244.39999834E-6,40.00000000,
,,,244.80000138E-6,38.40000153,
,,,245.20000443E-6,40.00000000,
,,,245.60000747E-6,40.79999924,
,,,246.00001052E-6,40.00000000,
,,,246.40001357E-6,39.20000076,
,,,246.80001661E-6,40.00000000,
,,,247.19999055E-6,40.00000000,
,,,247.59999360E-6,39.20000076,
,,,247.99999665E-6,37.60000229,
,,,248.39999969E-6,38.40000153,
,,,248.80000274E-6,40.00000000,
,,,249.20000578E-6,38.40000153,
,,,249.60000883E-6,38.40000153,
,,,250.00001187E-6,38.40000153,
,,,250.40001492E-6,38.40000153,
,,,250.80001797E-6,38.40000153,
,,,251.19999191E-6,37.60000229,
,,,251.59999495E-6,39.20000076,
,,,251.99999800E-6,38.40000153,
,,,252.40000105E-6,38.40000153,
,,,252.80000409E-6,38.40000153,
,,,253.20000714E-6,38.40000153,
,,,253.60001018E-6,38.40000153,
,,,254.00001323E-6,37.60000229,
,,,254.40001627E-6,37.60000229,
,,,254.79999022E-6,38.40000153,
,,,255.19999326E-6,38.40000153,
,,,255.59999631E-6,39.20000076,
,,,255.99999935E-6,38.40000153,
,,,256.40000240E-6,39.20000076,
,,,256.80000545E-6,38.40000153,
,,,257.20000849E-6,39.20000076,
,,,257.60001154E-6,38.40000153,
,,,258.00001458E-6,38.40000153,
,,,258.40001763E-6,38.40000153,
,,,258.79999157E-6,40.00000000,
,,,259.19999462E-6,39.20000076,
,,,259.59999766E-6,39.20000076,
,,,260.00000071E-6,40.00000000,
,,,260.40000375E-6,38.40000153,
,,,260.80000680E-6,38.40000153,
,,,261.20000985E-6,40.00000000,
,,,261.60001289E-6,40.00000000,
,,,262.00001594E-6,39.20000076,
,,,262.40001898E-6,38.40000153,
,,,262.79999292E-6,38.40000153,
,,,263.19999597E-6,37.60000229,
,,,263.59999902E-6,38.40000153,
,,,264.00000206E-6,37.60000229,
,,,264.40000511E-6,37.60000229,
,,,264.80000815E-6,37.60000229,
,,,265.20001120E-6,37.60000229,
,,,265.60001425E-6,37.60000229,
,,,266.00001729E-6,38.40000153,
,,,266.39999123E-6,40.00000000,
,,,266.79999428E-6,39.20000076,
,,,267.19999732E-6,38.40000153,
,,,267.60000037E-6,39.20000076,
,,,268.00000342E-6,37.60000229,
,,,268.40000646E-6,37.60000229,
,,,268.80000951E-6,37.60000229,
,,,269.20001255E-6,38.40000153,
,,,269.60001560E-6,39.20000076,
,,,270.00001865E-6,37.60000229,
,,,270.39999259E-6,38.40000153,
,,,270.79999563E-6,39.20000076,
,,,271.19999868E-6,37.60000229,
,,,271.60000172E-6,36.79999924,
,,,272.00000477E-6,37.60000229,
,,,272.40000782E-6,37.60000229,
,,,272.80001086E-6,36.79999924,
,,,273.20001391E-6,37.60000229,
,,,273.60001695E-6,37.60000229,
,,,273.99999090E-6,36.79999924,
,,,274.39999394E-6,37.60000229,
,,,274.79999699E-6,37.60000229,
,,,275.20000003E-6,37.60000229,
,,,275.60000308E-6,36.79999924,
,,,276.00000612E-6,36.00000000,
,,,276.40000917E-6,36.00000000,
,,,276.80001222E-6,36.79999924,
,,,277.20001526E-6,36.00000000,
,,,277.60001831E-6,36.79999924,
,,,277.99999225E-6,36.79999924,
,,,278.39999530E-6,36.00000000,
,,,278.79999834E-6,36.00000000,
,,,279.20000139E-6,36.00000000,
,,,279.60000443E-6,36.00000000,
,,,280.00000748E-6,35.20000076,
,,,280.40001052E-6,36.00000000,
,,,280.80001357E-6,35.20000076,
,,,281.20001662E-6,36.00000000,
,,,281.59999056E-6,35.20000076,
,,,281.99999360E-6,35.20000076,
,,,282.39999665E-6,35.20000076,
,,,282.79999970E-6,35.20000076,
,,,283.20000274E-6,34.40000153,
,,,283.60000579E-6,34.40000153,
,,,284.00000883E-6,34.40000153,
,,,284.40001188E-6,35.20000076,
,,,284.80001492E-6,35.20000076,
,,,285.20001797E-6,35.20000076,
,,,285.59999191E-6,35.20000076,
,,,285.99999496E-6,33.60000229,
,,,286.39999800E-6,33.60000229,
,,,286.80000105E-6,33.60000229,
,,,287.20000410E-6,34.40000153,
,,,287.60000714E-6,33.60000229,
,,,288.00001019E-6,33.60000229,
,,,288.40001323E-6,34.40000153,
,,,288.80001628E-6,33.60000229,
,,,289.20001932E-6,32.79999924,
,,,289.59999327E-6,33.60000229,
,,,289.99999631E-6,33.60000229,
,,,290.39999936E-6,33.60000229,
,,,290.80000240E-6,33.60000229,
,,,291.20000545E-6,33.60000229,
,,,291.60000850E-6,34.40000153,
,,,292.00001154E-6,33.60000229,
,,,292.40001459E-6,34.40000153,
,,,292.80001763E-6,33.60000229,
,,,293.19999157E-6,35.20000076,
,,,293.59999462E-6,33.60000229,
,,,293.99999767E-6,33.60000229,
,,,294.40000071E-6,32.79999924,
,,,294.80000376E-6,34.40000153,
,,,295.20000680E-6,34.40000153,
,,,295.60000985E-6,33.60000229,
,,,296.00001290E-6,33.60000229,
,,,296.40001594E-6,32.79999924,
,,,296.80001899E-6,32.79999924,
,,,297.19999293E-6,32.00000000,
,,,297.59999597E-6,32.00000000,
,,,297.99999902E-6,32.00000000,
,,,298.40000207E-6,33.60000229,
,,,298.80000511E-6,32.79999924,
,,,299.20000816E-6,32.79999924,
,,,299.60001120E-6,33.60000229,
,,,300.00001425E-6,33.60000229,
,,,300.40001730E-6,34.40000153,
,,,300.79999124E-6,35.20000076,
,,,301.19999428E-6,33.60000229,
,,,301.59999733E-6,33.60000229,
,,,302.00000037E-6,34.40000153,
,,,302.40000342E-6,34.40000153,
,,,302.80000647E-6,35.20000076,
,,,303.20000951E-6,33.60000229,
,,,303.60001256E-6,34.40000153,
,,,304.00001560E-6,34.40000153,
,,,304.40001865E-6,33.60000229,
,,,304.79999259E-6,33.60000229,
,,,305.19999564E-6,32.79999924,
,,,305.59999868E-6,33.60000229,
,,,306.00000173E-6,33.60000229,
,,,306.40000477E-6,32.79999924,
,,,306.80000782E-6,33.60000229,
,,,307.20001087E-6,35.20000076,
,,,307.60001391E-6,32.79999924,
,,,308.00001696E-6,32.79999924,
,,,308.39999090E-6,32.79999924,
,,,308.79999395E-6,32.79999924,
,,,309.19999699E-6,32.79999924,
,,,309.60000004E-6,33.60000229,
,,,310.00000308E-6,31.20000076,
,,,310.40000613E-6,32.00000000,
,,,310.80000917E-6,31.20000076,
,,,311.20001222E-6,31.20000076,
,,,311.60001527E-6,31.20000076,
,,,312.00001831E-6,29.60000038,
,,,312.39999225E-6,30.39999962,
,,,312.79999530E-6,31.20000076,
,,,313.19999835E-6,29.60000038,
,,,313.60000139E-6,30.39999962,
,,,314.00000444E-6,31.20000076,
,,,314.40000748E-6,30.39999962,
,,,314.80001053E-6,31.20000076,
,,,315.20001357E-6,30.39999962,
,,,315.60001662E-6,30.39999962,
,,,316.00001967E-6,31.20000076,
,,,316.39999361E-6,30.39999962,
,,,316.79999665E-6,30.39999962,
,,,317.19999970E-6,29.60000038,
,,,317.60000275E-6,31.20000076,
,,,318.00000579E-6,31.20000076,
,,,318.40000884E-6,30.39999962,
,,,318.80001188E-6,30.39999962,
,,,319.20001493E-6,30.39999962,
,,,319.60001797E-6,29.60000038,
,,,319.99999192E-6,28.80000114,
,,,320.39999496E-6,30.39999962,
,,,320.79999801E-6,28.80000114,
,,,321.20000105E-6,28.80000114,
,,,321.60000410E-6,29.60000038,
,,,322.00000715E-6,30.39999962,
,,,322.40001019E-6,31.20000076,
,,,322.80001324E-6,29.60000038,
,,,323.20001628E-6,29.60000038,
,,,323.60001933E-6,29.60000038,
,,,323.99999327E-6,29.60000038,
,,,324.39999632E-6,30.39999962,
,,,324.79999936E-6,31.20000076,
,,,325.20000241E-6,28.80000114,
,,,325.60000545E-6,28.80000114,
,,,326.00000850E-6,28.00000000,
,,,326.40001155E-6,27.20000076,
,,,326.80001459E-6,27.20000076,
,,,327.20001764E-6,28.00000000,
,,,327.59999158E-6,27.20000076,
,,,327.99999462E-6,28.00000000,
,,,328.39999767E-6,27.20000076,
,,,328.80000072E-6,28.00000000,
,,,329.20000376E-6,27.20000076,
,,,329.60000681E-6,28.80000114,
,,,330.00000985E-6,27.20000076,
,,,330.40001290E-6,27.20000076,
,,,330.80001594E-6,28.00000000,
,,,331.20001899E-6,28.00000000,
,,,331.59999293E-6,28.80000114,
,,,331.99999598E-6,29.60000038,
,,,332.39999902E-6,28.80000114,
,,,332.80000207E-6,29.60000038,
,,,333.20000512E-6,28.80000114,
,,,333.60000816E-6,28.80000114,
,,,334.00001121E-6,29.60000038,
,,,334.40001425E-6,28.80000114,
,,,334.80001730E-6,28.80000114,
,,,335.19999124E-6,28.80000114,
,,,335.59999429E-6,29.60000038,
,,,335.99999733E-6,28.00000000,
,,,336.40000038E-6,27.20000076,
,,,336.80000342E-6,27.20000076,
,,,337.20000647E-6,28.00000000,
,,,337.60000952E-6,27.20000076,
,,,338.00001256E-6,28.00000000,
,,,338.40001561E-6,28.80000114,
,,,338.80001865E-6,27.20000076,
,,,339.19999260E-6,26.39999962,
,,,339.59999564E-6,26.39999962,
,,,339.99999869E-6,28.00000000,
,,,340.40000173E-6,25.60000038,
,,,340.80000478E-6,27.20000076,
,,,341.20000782E-6,27.20000076,
,,,341.60001087E-6,27.20000076,
,,,342.00001392E-6,27.20000076,
,,,342.40001696E-6,26.39999962,
,,,342.80002001E-6,27.20000076,
,,,343.19999395E-6,28.00000000,
,,,343.59999700E-6,28.00000000,
,,,344.00000004E-6,27.20000076,
,,,344.40000309E-6,27.20000076,
,,,344.80000613E-6,27.20000076,
,,,345.20000918E-6,27.20000076,
,,,345.60001222E-6,28.00000000,
,,,346.00001527E-6,27.20000076,
,,,346.40001832E-6,25.60000038,
,,,346.79999226E-6,27.20000076,
,,,347.19999530E-6,27.20000076,
,,,347.59999835E-6,27.20000076,
,,,348.00000140E-6,26.39999962,
,,,348.40000444E-6,25.60000038,
,,,348.80000749E-6,24.80000114,
,,,349.20001053E-6,25.60000038,
,,,349.60001358E-6,25.60000038,
,,,350.00001662E-6,25.60000038,
,,,350.40001967E-6,25.60000038,
,,,350.79999361E-6,24.00000000,
,,,351.19999666E-6,24.80000114,
,,,351.59999970E-6,25.60000038,
,,,352.00000275E-6,26.39999962,
,,,352.40000580E-6,25.60000038,
,,,352.80000884E-6,25.60000038,
,,,353.20001189E-6,26.39999962,
,,,353.60001493E-6,25.60000038,
,,,354.00001798E-6,32.00000000,
,,,354.39999192E-6,38.40000153,
,,,354.79999497E-6,43.20000076,
,,,355.19999801E-6,48.00000000,
,,,355.60000106E-6,53.60000229,
,,,356.00000410E-6,56.799999237,
,,,356.40000715E-6,61.600002289,
,,,356.80001020E-6,64.800003052,
,,,357.20001324E-6,67.200004578,
,,,357.60001629E-6,71.200004578,
,,,358.00001933E-6,73.599998474,
,,,358.39999327E-6,74.400001526,
,,,358.79999632E-6,77.599998474,
,,,359.19999937E-6,80.800003052,
,,,359.60000241E-6,81.599998474,
,,,360.00000546E-6,84.000000000,
,,,360.40000850E-6,85.599998474,
,,,360.80001155E-6,87.200004578,
,,,361.20001459E-6,88.800003052,
,,,361.60001764E-6,89.599998474,
,,,361.99999158E-6,92.000000000,
,,,362.39999463E-6,91.200004578,
,,,362.79999767E-6,94.400001526,
,,,363.20000072E-6,93.599998474,
,,,363.60000377E-6,93.599998474,
,,,364.00000681E-6,96.000000000,
,,,364.40000986E-6,96.000000000,
,,,364.80001290E-6,96.000000000,
,,,365.20001595E-6,97.599998474,
,,,365.60001899E-6,99.200004578,
,,,365.99999294E-6,98.400001526,
,,,366.39999598E-6,100.0000000,
,,,366.79999903E-6,99.200004578,
,,,367.20000207E-6,100.0000000,
,,,367.60000512E-6,101.5999985,
,,,368.00000817E-6,100.8000031,
,,,368.40001121E-6,100.0000000,
,,,368.80001426E-6,101.5999985,
,,,369.20001730E-6,102.4000015,
,,,369.60002035E-6,100.8000031,
,,,369.99999429E-6,101.5999985,
,,,370.39999734E-6,103.2000046,
,,,370.80000038E-6,102.4000015,
,,,371.20000343E-6,102.4000015,
,,,371.60000647E-6,103.2000046,
,,,372.00000952E-6,102.4000015,
,,,372.40001257E-6,102.4000015,
,,,372.80001561E-6,104.0000000,
,,,373.20001866E-6,102.4000015,
,,,373.59999260E-6,102.4000015,
,,,373.99999565E-6,104.0000000,
,,,374.39999869E-6,103.2000046,
,,,374.80000174E-6,103.2000046,
,,,375.20000478E-6,104.8000031,
,,,375.60000783E-6,104.8000031,
,,,376.00001087E-6,103.2000046,
,,,376.40001392E-6,104.0000000,
,,,376.80001697E-6,104.0000000,
,,,377.20002001E-6,104.0000000,
,,,377.59999395E-6,104.8000031,
,,,377.99999700E-6,104.0000000,
,,,378.40000005E-6,103.2000046,
,,,378.80000309E-6,104.8000031,
,,,379.20000614E-6,104.8000031,
,,,379.60000918E-6,102.4000015,
,,,380.00001223E-6,104.0000000,
,,,380.40001527E-6,105.5999985,
,,,380.80001832E-6,104.0000000,
,,,381.19999226E-6,105.5999985,
,,,381.59999531E-6,105.5999985,
,,,381.99999835E-6,104.0000000,
,,,382.40000140E-6,104.0000000,
,,,382.80000445E-6,104.8000031,
,,,383.20000749E-6,104.0000000,
,,,383.60001054E-6,104.0000000,
,,,384.00001358E-6,104.8000031,
,,,384.40001663E-6,104.0000000,
,,,384.80001967E-6,104.8000031,
,,,385.19999362E-6,105.5999985,
,,,385.59999666E-6,105.5999985,
,,,385.99999971E-6,104.8000031,
,,,386.40000275E-6,105.5999985,
,,,386.80000580E-6,104.0000000,
,,,387.20000884E-6,104.0000000,
,,,387.60001189E-6,105.5999985,
,,,388.00001494E-6,104.0000000,
,,,388.40001798E-6,104.0000000,
,,,388.79999192E-6,104.8000031,
,,,389.19999497E-6,104.0000000,
,,,389.59999802E-6,104.0000000,
,,,390.00000106E-6,104.8000031,
,,,390.40000411E-6,104.0000000,
,,,390.80000715E-6,104.8000031,
,,,391.20001020E-6,104.8000031,
,,,391.60001324E-6,104.8000031,
,,,392.00001629E-6,104.0000000,
,,,392.40001934E-6,104.8000031,
,,,392.79999328E-6,104.8000031,
,,,393.19999632E-6,104.0000000,
,,,393.59999937E-6,104.0000000,
,,,394.00000242E-6,105.5999985,
,,,394.40000546E-6,103.2000046,
,,,394.80000851E-6,104.8000031,
,,,395.20001155E-6,105.5999985,
,,,395.60001460E-6,105.5999985,
,,,396.00001764E-6,104.0000000,
,,,396.40002069E-6,104.8000031,
,,,396.79999463E-6,104.8000031,
,,,397.19999768E-6,104.8000031,
,,,397.60000072E-6,105.5999985,
,,,398.00000377E-6,104.8000031,
,,,398.40000682E-6,104.8000031,
,,,398.80000986E-6,106.4000015,
,,,399.20001291E-6,104.0000000,
,,,399.60001595E-6,104.8000031,
,,,400.00001900E-6,105.5999985,
,,,400.39999294E-6,105.5999985,
,,,400.79999599E-6,104.0000000,
,,,401.19999903E-6,105.5999985,
,,,401.60000208E-6,105.5999985,
,,,402.00000512E-6,104.0000000,
,,,402.40000817E-6,105.5999985,
,,,402.80001122E-6,105.5999985,
,,,403.20001426E-6,104.0000000,
,,,403.600017307E-6,105.5999985,
,,,404.000020353E-6,106.4000015,
,,,404.399994295E-6,104.0000000,
,,,404.799997341E-6,105.5999985,
,,,405.200000387E-6,106.4000015,
,,,405.600003432E-6,104.8000031,
,,,406.000006478E-6,104.0000000,
,,,406.400009524E-6,104.8000031,
,,,406.800012570E-6,104.8000031,
,,,407.200015616E-6,105.5999985,
,,,407.600018661E-6,105.5999985,
,,,407.999992603E-6,103.2000046,
,,,408.399995649E-6,104.8000031,
,,,408.799998695E-6,106.4000015,
,,,409.200001741E-6,104.8000031,
,,,409.600004787E-6,104.8000031,
,,,410.000007832E-6,104.8000031,
,,,410.400010878E-6,105.5999985,
,,,410.800013924E-6,104.8000031,
,,,411.200016970E-6,104.8000031,
,,,411.600020016E-6,104.8000031,
,,,411.999993958E-6,104.8000031,
,,,412.399997003E-6,104.8000031,
,,,412.800000049E-6,105.5999985,
,,,413.200003095E-6,103.2000046,
,,,413.600006141E-6,105.5999985,
,,,414.000009187E-6,104.8000031,
,,,414.400012232E-6,105.5999985,
,,,414.800015278E-6,104.8000031,
,,,415.200018324E-6,105.5999985,
,,,415.599992266E-6,104.0000000,
,,,415.999995312E-6,104.8000031,
,,,416.399998358E-6,105.5999985,
,,,416.800001403E-6,104.8000031,
,,,417.200004449E-6,105.5999985,
,,,417.600007495E-6,105.5999985,
,,,418.000010541E-6,104.0000000,
,,,418.400013587E-6,104.8000031,
,,,418.800016632E-6,105.5999985,
,,,419.200019678E-6,104.0000000,
,,,419.599993620E-6,105.5999985,
,,,419.999996666E-6,106.4000015,
,,,420.399999712E-6,106.4000015,
,,,420.800002757E-6,105.5999985,
,,,421.200005803E-6,105.5999985,
,,,421.600008849E-6,105.5999985,
,,,422.000011895E-6,105.5999985,
,,,422.400014941E-6,105.5999985,
,,,422.800017986E-6,105.5999985,
,,,423.200021032E-6,104.0000000,
,,,423.599994974E-6,106.4000015,
,,,423.999998020E-6,105.5999985,
,,,424.400001066E-6,104.8000031,
,,,424.800004112E-6,105.5999985,
,,,425.200007157E-6,107.2000046,
,,,425.600010203E-6,104.0000000,
,,,426.000013249E-6,105.5999985,
,,,426.400016295E-6,105.5999985,
,,,426.800019341E-6,104.8000031,
,,,427.199993283E-6,104.8000031,
,,,427.599996328E-6,105.5999985,
,,,427.999999374E-6,104.0000000,
,,,428.400002420E-6,104.8000031,
,,,428.800005466E-6,105.5999985,
,,,429.200008512E-6,104.0000000,
,,,429.600011557E-6,104.8000031,
,,,430.000014603E-6,105.5999985,
,,,430.400017649E-6,104.8000031,
,,,430.800020695E-6,104.8000031,
,,,431.199994637E-6,105.5999985,
,,,431.599997682E-6,104.8000031,
,,,432.000000728E-6,104.0000000,
,,,432.400003774E-6,104.8000031,
,,,432.800006820E-6,104.0000000,
,,,433.200009866E-6,105.5999985,
,,,433.600012911E-6,105.5999985,
,,,434.000015957E-6,104.0000000,
,,,434.400019003E-6,104.0000000,
,,,434.799992945E-6,104.8000031,
,,,435.199995991E-6,106.4000015,
,,,435.599999037E-6,104.8000031,
,,,436.000002082E-6,104.0000000,
,,,436.400005128E-6,104.8000031,
,,,436.800008174E-6,104.8000031,
,,,437.200011220E-6,105.5999985,
,,,437.600014266E-6,104.8000031,
,,,438.000017311E-6,104.0000000,
,,,438.400020357E-6,104.0000000,
,,,438.799994299E-6,100.0000000,
,,,439.199997345E-6,96.800003052,
,,,439.600000391E-6,92.000000000,
,,,440.000003437E-6,88.000000000,
,,,440.400006482E-6,84.800003052,
,,,440.800009528E-6,80.000000000,
,,,441.200012574E-6,76.800003052,
,,,441.600015620E-6,72.800003052,
,,,442.000018666E-6,68.800003052,
,,,442.399992608E-6,66.400001526,
,,,442.799995653E-6,63.200000763,
,,,443.199998699E-6,60.799999237,
,,,443.600001745E-6,57.600002289,
,,,444.000004791E-6,54.40000153,
,,,444.400007837E-6,52.00000000,
,,,444.800010882E-6,50.40000153,
,,,445.200013928E-6,47.20000076,
,,,445.600016974E-6,45.60000229,
,,,446.000020020E-6,44.00000000,
,,,446.399993962E-6,41.60000229,
,,,446.799997007E-6,40.79999924,
,,,447.200000053E-6,37.60000229,
,,,447.600003099E-6,37.60000229,
,,,448.000006145E-6,34.40000153,
,,,448.400009191E-6,32.79999924,
,,,448.800012236E-6,31.20000076,
,,,449.200015282E-6,29.60000038,
,,,449.600018328E-6,28.80000114,
,,,450.000021374E-6,27.20000076,
,,,450.399995316E-6,28.00000000,
,,,450.799998362E-6,28.00000000,
,,,451.200001407E-6,27.20000076,
,,,451.600004453E-6,26.39999962,
,,,452.000007499E-6,25.60000038,
,,,452.400010545E-6,25.60000038,
,,,452.800013591E-6,24.00000000,
,,,453.200016636E-6,23.20000076,
,,,453.600019682E-6,24.00000000,
,,,453.999993624E-6,23.20000076,
,,,454.399996670E-6,22.39999962,
,,,454.799999716E-6,22.39999962,
,,,455.200002762E-6,20.80000114,
,,,455.600005807E-6,20.0000000,
,,,456.000008853E-6,20.0000000,
,,,456.400011899E-6,19.2000008,
,,,456.800014945E-6,19.2000008,
,,,457.200017991E-6,18.3999996,
,,,457.600021036E-6,18.3999996,
,,,457.999994978E-6,18.3999996,
,,,458.399998024E-6,17.6000004,
,,,458.800001070E-6,18.3999996,
,,,459.200004116E-6,18.3999996,
,,,459.600007161E-6,17.6000004,
,,,460.000010207E-6,17.6000004,
,,,460.400013253E-6,19.2000008,
,,,460.800016299E-6,17.6000004,
,,,461.200019345E-6,17.6000004,
,,,461.599993287E-6,17.6000004,
,,,461.999996332E-6,17.6000004,
,,,462.399999378E-6,16.8000011,
,,,462.800002424E-6,16.0000000,
,,,463.200005470E-6,17.6000004,
,,,463.600008516E-6,16.8000011,
,,,464.000011561E-6,16.8000011,
,,,464.400014607E-6,17.6000004,
,,,464.800017653E-6,16.0000000,
,,,465.200020699E-6,16.0000000,
,,,465.599994641E-6,17.6000004,
,,,465.999997687E-6,15.1999998,
,,,466.400000732E-6,15.1999998,
,,,466.800003778E-6,15.1999998,
,,,467.200006824E-6,14.4000006,
,,,467.600009870E-6,15.1999998,
,,,468.000012916E-6,14.4000006,
,,,468.400015961E-6,14.4000006,
,,,468.800019007E-6,14.4000006,
,,,469.199992949E-6,13.6000004,
,,,469.599995995E-6,14.4000006,
,,,469.999999041E-6,14.4000006,
,,,470.400002087E-6,13.6000004,
,,,470.800005132E-6,13.6000004,
,,,471.200008178E-6,12.8000002,
,,,471.600011224E-6,12.0000000,
,,,472.000014270E-6,13.6000004,
,,,472.400017316E-6,12.8000002,
,,,472.800020361E-6,12.0000000,
,,,473.199994303E-6,12.8000002,
,,,473.599997349E-6,14.4000006,
,,,474.000000395E-6,12.8000002,
,,,474.400003441E-6,13.6000004,
,,,474.800006486E-6,13.6000004,
,,,475.200009532E-6,12.8000002,
,,,475.600012578E-6,12.8000002,
,,,476.000015624E-6,14.4000006,
,,,476.400018670E-6,15.1999998,
,,,476.800021715E-6,15.1999998,
,,,477.199995657E-6,14.4000006,
,,,477.599998703E-6,14.4000006,
,,,478.000001749E-6,13.6000004,
,,,478.400004795E-6,15.1999998,
,,,478.800007841E-6,15.1999998,
,,,479.200010886E-6,14.4000006,
,,,479.600013932E-6,14.4000006,
,,,480.000016978E-6,12.8000002,
,,,480.400020024E-6,14.4000006,
,,,480.799993966E-6,13.6000004,
,,,481.199997012E-6,14.4000006,
,,,481.600000057E-6,13.6000004,
,,,482.000003103E-6,14.4000006,
,,,482.400006149E-6,13.6000004,
,,,482.800009195E-6,13.6000004,
,,,483.200012241E-6,12.8000002,
,,,483.600015286E-6,12.8000002,
,,,484.000018332E-6,12.0000000,
,,,484.400021378E-6,13.6000004,
,,,484.799995320E-6,11.1999998,
,,,485.199998366E-6,13.6000004,
,,,485.600001412E-6,12.8000002,
,,,486.000004457E-6,12.0000000,
,,,486.400007503E-6,12.0000000,
,,,486.800010549E-6,12.8000002,
,,,487.200013595E-6,13.6000004,
,,,487.600016640E-6,13.6000004,
,,,488.000019686E-6,13.6000004,
,,,488.399993628E-6,12.8000002,
,,,488.799996674E-6,12.0000000,
,,,489.199999720E-6,12.0000000,
,,,489.600002766E-6,12.8000002,
,,,490.000005811E-6,12.0000000,
,,,490.400008857E-6,12.0000000,
,,,490.800011903E-6,12.8000002,
,,,491.200014949E-6,10.4000006,
,,,491.600017995E-6,11.1999998,
,,,492.000021040E-6,12.0000000,
,,,492.400024086E-6,12.0000000,
,,,492.800027132E-6,11.1999998,
,,,493.200030178E-6,11.1999998,
,,,493.600033224E-6,11.1999998,
,,,494.000036269E-6,12.0000000,
,,,494.399981108E-6,12.0000000,
,,,494.799984153E-6,10.4000006,
,,,495.199987199E-6,11.1999998,
,,,495.599990245E-6,10.4000006,
,,,495.999993291E-6,10.4000006,
,,,496.399996337E-6,10.4000006,
,,,496.799999382E-6,12.8000002,
,,,497.200002428E-6,12.0000000,
,,,497.600005474E-6,12.0000000,
,,,498.000008520E-6,12.8000002,
,,,498.400011566E-6,12.8000002,
,,,498.800014611E-6,12.0000000,
,,,499.200017657E-6,12.8000002,
,,,499.600020703E-6,12.8000002,
,,,500.000023749E-6,13.6000004,
,,,500.400026795E-6,12.0000000,
,,,500.800029840E-6,12.8000002,
,,,501.200032886E-6,12.0000000,
,,,501.600035932E-6,12.0000000,
,,,501.999980770E-6,11.1999998,
,,,502.399983816E-6,12.0000000,
,,,502.799986862E-6,11.1999998,
,,,503.199989907E-6,12.0000000,
,,,503.599992953E-6,12.0000000,
,,,503.999995999E-6,12.8000002,
,,,504.399999045E-6,12.0000000,
,,,504.800002091E-6,11.1999998,
,,,505.200005136E-6,12.8000002,
,,,505.600008182E-6,11.1999998,
,,,506.000011228E-6,11.1999998,
,,,506.400014274E-6,12.0000000,
,,,506.800017320E-6,11.1999998,
,,,507.200020365E-6,12.0000000,
,,,507.600023411E-6,11.1999998,
,,,508.000026457E-6,11.1999998,
,,,508.400029503E-6,11.1999998,
,,,508.800032549E-6,12.0000000,
,,,509.200035594E-6,10.4000006,
,,,509.599980433E-6,10.4000006,
,,,509.999983478E-6,12.0000000,
,,,510.399986524E-6,11.1999998,
,,,510.799989570E-6,10.4000006,
,,,511.199992616E-6,10.4000006,
,,,511.599995662E-6,9.600000381,
,,,511.999998707E-6,8.800000191,
,,,512.400001753E-6,8.800000191,
,,,512.800004799E-6,8.800000191,
,,,513.200007845E-6,8.800000191,
,,,513.600010891E-6,8.800000191,
,,,514.000013936E-6,8.800000191,
,,,514.400016982E-6,7.20000029,
,,,514.800020028E-6,8.000000000,
,,,515.200023074E-6,8.000000000,
,,,515.600026120E-6,8.800000191,
,,,516.000029165E-6,8.000000000,
,,,516.400032211E-6,9.600000381,
,,,516.800035257E-6,8.800000191,
,,,517.199980095E-6,8.800000191,
,,,517.599983141E-6,7.20000029,
,,,517.999986187E-6,8.800000191,
,,,518.399989232E-6,8.800000191,
,,,518.799992278E-6,8.000000000,
,,,519.199995324E-6,8.000000000,
,,,519.599998370E-6,7.20000029,
,,,520.000001416E-6,7.20000029,
,,,520.400004461E-6,7.20000029,
,,,520.800007507E-6,7.20000029,
,,,521.200010553E-6,7.20000029,
,,,521.600013599E-6,7.20000029,
,,,522.000016645E-6,7.20000029,
,,,522.400019690E-6,7.20000029,
,,,522.800022736E-6,8.800000191,
,,,523.200025782E-6,8.000000000,
,,,523.600028828E-6,7.20000029,
,,,524.000031874E-6,6.40000010,
,,,524.400034919E-6,7.20000029,
,,,524.799979758E-6,7.20000029,
,,,525.199982803E-6,6.40000010,
,,,525.599985849E-6,7.20000029,
,,,525.999988895E-6,6.40000010,
,,,526.399991941E-6,6.40000010,
,,,526.799994987E-6,8.000000000,
,,,527.199998032E-6,6.40000010,
,,,527.600001078E-6,6.40000010,
,,,528.000004124E-6,8.000000000,
,,,528.400007170E-6,6.40000010,
,,,528.800010215E-6,7.20000029,
,,,529.200013261E-6,5.59999990,
,,,529.600016307E-6,6.40000010,
,,,530.000019353E-6,5.59999990,
,,,530.400022399E-6,6.40000010,
,,,530.800025444E-6,6.40000010,
,,,531.200028490E-6,5.59999990,
,,,531.600031536E-6,5.59999990,
,,,532.000034582E-6,5.59999990,
,,,532.399979420E-6,5.59999990,
,,,532.799982466E-6,5.59999990,
,,,533.199985512E-6,5.59999990,
,,,533.599988557E-6,6.40000010,
,,,533.999991603E-6,7.20000029,
,,,534.399994649E-6,7.20000029,
,,,534.799997695E-6,7.20000029,
,,,535.200000741E-6,8.000000000,
,,,535.600003786E-6,5.59999990,
,,,536.000006832E-6,8.000000000,
,,,536.400009878E-6,8.000000000,
,,,536.800012924E-6,8.000000000,
,,,537.200015970E-6,7.20000029,
,,,537.600019015E-6,8.000000000,
,,,538.000022061E-6,8.800000191,
,,,538.400025107E-6,8.000000000,
,,,538.800028153E-6,7.20000029,
,,,539.200031199E-6,6.40000010,
,,,539.600034244E-6,8.000000000,
,,,539.999979082E-6,8.800000191,
,,,540.399982128E-6,6.40000010,
,,,540.799985174E-6,7.20000029,
,,,541.199988220E-6,6.40000010,
,,,541.599991266E-6,6.40000010,
,,,541.999994311E-6,8.000000000,
,,,542.399997357E-6,8.000000000,
,,,542.800000403E-6,9.600000381,
,,,543.200003449E-6,8.000000000,
,,,543.600006495E-6,8.800000191,
,,,544.000009540E-6,9.600000381,
,,,544.400012586E-6,9.600000381,
,,,544.800015632E-6,8.000000000,
,,,545.200018678E-6,7.20000029,
,,,545.600021724E-6,7.20000029,
,,,546.000024769E-6,6.40000010,
,,,546.400027815E-6,7.20000029,
,,,546.800030861E-6,7.20000029,
,,,547.200033907E-6,6.40000010,
,,,547.600036953E-6,5.59999990,
,,,547.999981791E-6,6.40000010,
,,,548.399984837E-6,4.80000019,
,,,548.799987882E-6,5.59999990,
,,,549.199990928E-6,5.59999990,
,,,549.599993974E-6,5.59999990,
,,,549.999997020E-6,4.80000019,
,,,550.400000066E-6,4.80000019,
,,,550.800003111E-6,4.80000019,
,,,551.200006157E-6,4.00000000,
,,,551.600009203E-6,4.80000019,
,,,552.000012249E-6,4.00000000,
,,,552.400015295E-6,4.80000019,
,,,552.800018340E-6,2.4000001,
,,,553.200021386E-6,4.00000000,
,,,553.600024432E-6,4.80000019,
,,,554.000027478E-6,3.20000005,
,,,554.400030524E-6,4.00000000,
,,,554.800033569E-6,4.00000000,
,,,555.200036615E-6,4.00000000,
,,,555.599981453E-6,3.20000005,
,,,555.999984499E-6,4.80000019,
,,,556.399987545E-6,4.00000000,
,,,556.799990591E-6,3.20000005,
,,,557.199993636E-6,4.00000000,
,,,557.599996682E-6,3.20000005,
,,,557.999999728E-6,4.80000019,
,,,558.400002774E-6,3.20000005,
,,,558.800005820E-6,4.00000000,
,,,559.200008865E-6,3.20000005,
,,,559.600011911E-6,3.20000005,
,,,560.000014957E-6,4.00000000,
,,,560.400018003E-6,3.20000005,
,,,560.800021049E-6,4.80000019,
,,,561.200024094E-6,4.00000000,
,,,561.600027140E-6,4.80000019,
,,,562.000030186E-6,4.80000019,
,,,562.400033232E-6,4.80000019,
,,,562.800036278E-6,4.00000000,
,,,563.199981116E-6,4.80000019,
,,,563.599984162E-6,5.59999990,
,,,563.999987207E-6,4.00000000,
,,,564.399990253E-6,4.80000019,
,,,564.799993299E-6,4.00000000,
,,,565.199996345E-6,4.80000019,
,,,565.599999391E-6,4.00000000,
,,,566.000002436E-6,4.80000019,
,,,566.400005482E-6,4.00000000,
,,,566.800008528E-6,4.00000000,
,,,567.200011574E-6,3.20000005,
,,,567.600014620E-6,4.80000019,
,,,568.000017665E-6,3.20000005,
,,,568.400020711E-6,4.00000000,
,,,568.800023757E-6,4.00000000,
,,,569.200026803E-6,4.80000019,
,,,569.600029849E-6,3.20000005,
,,,570.000032894E-6,3.20000005,
,,,570.400035940E-6,4.00000000,
,,,570.799980778E-6,4.00000000,
,,,571.199983824E-6,4.80000019,
,,,571.599986870E-6,4.00000000,
,,,571.999989916E-6,4.00000000,
,,,572.399992961E-6,4.00000000,
,,,572.799996007E-6,4.80000019,
,,,573.199999053E-6,4.80000019,
,,,573.600002099E-6,4.00000000,
,,,574.000005145E-6,4.80000019,
,,,574.400008190E-6,4.00000000,
,,,574.800011236E-6,4.00000000,
,,,575.200014282E-6,3.20000005,
,,,575.600017328E-6,4.00000000,
,,,576.000020374E-6,4.00000000,
,,,576.400023419E-6,4.00000000,
,,,576.800026465E-6,3.20000005,
,,,577.200029511E-6,4.00000000,
,,,577.600032557E-6,4.00000000,
,,,578.000035603E-6,3.20000005,
,,,578.399980441E-6,3.20000005,
,,,578.799983487E-6,2.4000001,
,,,579.199986532E-6,3.20000005,
,,,579.599989578E-6,2.4000001,
,,,579.999992624E-6,2.4000001,
,,,580.399995670E-6,2.4000001,
,,,580.799998716E-6,2.4000001,
,,,581.200001761E-6,2.4000001,
,,,581.600004807E-6,1.6000000,
,,,582.000007853E-6,4.00000000,
,,,582.400010899E-6,4.00000000,
,,,582.800013945E-6,3.20000005,
,,,583.200016990E-6,3.20000005,
,,,583.600020036E-6,2.4000001,
,,,584.000023082E-6,2.4000001,
,,,584.400026128E-6,4.00000000,
,,,584.800029173E-6,2.4000001,
,,,585.200032219E-6,2.4000001,
,,,585.600035265E-6,3.20000005,
,,,585.999980103E-6,2.4000001,
,,,586.399983149E-6,3.20000005,
,,,586.799986195E-6,2.4000001,
,,,587.199989241E-6,3.20000005,
,,,587.599992286E-6,3.20000005,
,,,587.999995332E-6,2.4000001,
,,,588.399998378E-6,4.00000000,
,,,588.800001424E-6,2.4000001,
,,,589.200004470E-6,4.00000000,
,,,589.600007515E-6,3.20000005,
,,,590.000010561E-6,4.80000019,
,,,590.400013607E-6,3.20000005,
,,,590.800016653E-6,4.00000000,
,,,591.200019699E-6,4.00000000,
,,,591.600022744E-6,4.80000019,
,,,592.000025790E-6,4.00000000,
,,,592.400028836E-6,4.00000000,
,,,592.800031882E-6,3.20000005,
,,,593.200034928E-6,3.20000005,
,,,593.599979766E-6,1.6000000,
,,,593.999982812E-6,1.6000000,
,,,594.399985857E-6,1.6000000,
,,,594.799988903E-6,1.6000000,
,,,595.199991949E-6,2.4000001,
,,,595.599994995E-6,2.4000001,
,,,595.999998040E-6,1.6000000,
,,,596.400001086E-6,1.6000000,
,,,596.800004132E-6,800.000011921E-3,
,,,597.200007178E-6,2.4000001,
,,,597.600010224E-6,3.20000005,
,,,598.000013269E-6,1.6000000,
,,,598.400016315E-6,1.6000000,
,,,598.800019361E-6,1.6000000,
,,,599.200022407E-6,1.6000000,
,,,599.600025453E-6,2.4000001,
,,,600.000028498E-6,2.4000001,
,,,600.400031544E-6,2.4000001,
,,,600.800034590E-6,1.6000000,
,,,601.200037636E-6,2.4000001,
,,,601.599982474E-6,2.4000001,
,,,601.999985520E-6,2.4000001,
,,,602.399988566E-6,2.4000001,
,,,602.799991611E-6,2.4000001,
,,,603.199994657E-6,4.00000000,
,,,603.599997703E-6,1.6000000,
,,,604.000000749E-6,2.4000001,
,,,604.400003795E-6,1.6000000,
,,,604.800006840E-6,2.4000001,
,,,605.200009886E-6,3.20000005,
,,,605.600012932E-6,2.4000001,
,,,606.000015978E-6,3.20000005,
,,,606.400019024E-6,4.00000000,
,,,606.800022069E-6,3.20000005,
,,,607.200025115E-6,4.00000000,
,,,607.600028161E-6,3.20000005,
,,,608.000031207E-6,2.4000001,
,,,608.400034253E-6,2.4000001,
,,,608.800037298E-6,2.4000001,
,,,609.199982136E-6,2.4000001,
,,,609.599985182E-6,2.4000001,
,,,609.999988228E-6,2.4000001,
,,,610.399991274E-6,2.4000001,
,,,610.799994320E-6,1.6000000,
,,,611.199997365E-6,2.4000001,
,,,611.600000411E-6,2.4000001,
,,,612.000003457E-6,2.4000001,
,,,612.400006503E-6,1.6000000,
,,,612.800009549E-6,3.20000005,
,,,613.200012594E-6,2.4000001,
,,,613.600015640E-6,2.4000001,
,,,614.000018686E-6,800.000011921E-3,
,,,614.400021732E-6,1.6000000,
,,,614.800024778E-6,800.000011921E-3,
,,,615.200027823E-6,1.6000000,
,,,615.600030869E-6,2.4000001,
,,,616.000033915E-6,2.4000001,
,,,616.400036961E-6,2.4000001,
,,,616.799981799E-6,2.4000001,
,,,617.199984845E-6,3.20000005,
,,,617.599987891E-6,1.6000000,
,,,617.999990936E-6,1.6000000,
,,,618.399993982E-6,1.6000000,
,,,618.799997028E-6,2.4000001,
,,,619.200000074E-6,800.000011921E-3,
,,,619.600003120E-6,2.4000001,
,,,620.000006165E-6,1.6000000,
,,,620.400009211E-6,2.4000001,
,,,620.800012257E-6,1.6000000,
,,,621.200015303E-6,1.6000000,
,,,621.600018349E-6,800.000011921E-3,
,,,622.000021394E-6,800.000011921E-3,
,,,622.400024440E-6,1.6000000,
,,,622.800027486E-6,1.6000000,
,,,623.200030532E-6,800.000011921E-3,
,,,623.600033578E-6,1.6000000,
,,,624.000036623E-6,2.4000001,
,,,624.399981461E-6,1.6000000,
,,,624.799984507E-6,2.4000001,
,,,625.199987553E-6,800.000011921E-3,
,,,625.599990599E-6,800.000011921E-3,
,,,625.999993645E-6,1.6000000,
,,,626.399996690E-6,800.000011921E-3,
,,,626.799999736E-6,1.6000000,
,,,627.200002782E-6,1.6000000,
,,,627.600005828E-6,0.0,
,,,628.000008874E-6,0.0,
,,,628.400011919E-6,0.0,
,,,628.800014965E-6,800.000011921E-3,
,,,629.200018011E-6,800.000011921E-3,
,,,629.600021057E-6,0.0,
,,,630.000024103E-6,800.000011921E-3,
,,,630.400027148E-6,800.000011921E-3,
,,,630.800030194E-6,0.0,
,,,631.200033240E-6,1.6000000,
,,,631.600036286E-6,1.6000000,
,,,631.999981124E-6,800.000011921E-3,
,,,632.399984170E-6,800.000011921E-3,
,,,632.799987216E-6,1.6000000,
,,,633.199990261E-6,1.6000000,
,,,633.599993307E-6,1.6000000,
,,,633.999996353E-6,800.000011921E-3,
,,,634.399999399E-6,800.000011921E-3,
,,,634.800002445E-6,800.000011921E-3,
,,,635.200005490E-6,2.4000001,
,,,635.600008536E-6,1.6000000,
,,,636.000011582E-6,800.000011921E-3,
,,,636.400014628E-6,800.000011921E-3,
,,,636.800017674E-6,800.000011921E-3,
,,,637.200020719E-6,800.000011921E-3,
,,,637.600023765E-6,800.000011921E-3,
,,,638.000026811E-6,800.000011921E-3,
,,,638.400029857E-6,0.0,
,,,638.800032903E-6,1.6000000,
,,,639.200035948E-6,800.000011921E-3,
,,,639.599980786E-6,800.000011921E-3,
,,,639.999983832E-6,1.6000000,
,,,640.399986878E-6,800.000011921E-3,
,,,640.799989924E-6,0.0,
,,,641.199992970E-6,0.0,
,,,641.599996015E-6,1.6000000,
,,,641.999999061E-6,800.000011921E-3,
,,,642.400002107E-6,800.000011921E-3,
,,,642.800005153E-6,800.000011921E-3,
,,,643.200008199E-6,0.0,
,,,643.600011244E-6,0.0,
,,,644.000014290E-6,0.0,
,,,644.400017336E-6,-800.000011921E-3,
,,,644.800020382E-6,800.000011921E-3,
,,,645.200023428E-6,0.0,
,,,645.600026473E-6,0.0,
,,,646.000029519E-6,-800.000011921E-3,
,,,646.400032565E-6,1.6000000,
,,,646.800035611E-6,800.000011921E-3,
,,,647.199980449E-6,800.000011921E-3,
,,,647.599983495E-6,800.000011921E-3,
,,,647.999986541E-6,1.6000000,
,,,648.399989586E-6,1.6000000,
,,,648.799992632E-6,2.4000001,
,,,649.199995678E-6,1.6000000,
,,,649.599998724E-6,1.6000000,
,,,650.000001770E-6,1.6000000,
,,,650.400004815E-6,800.000011921E-3,
,,,650.800007861E-6,1.6000000,
,,,651.200010907E-6,2.4000001,
,,,651.600013953E-6,2.4000001,
,,,652.000016998E-6,1.6000000,
,,,652.400020044E-6,2.4000001,
,,,652.800023090E-6,1.6000000,
,,,653.200026136E-6,800.000011921E-3,
,,,653.600029182E-6,1.6000000,
,,,654.000032227E-6,2.4000001,
,,,654.400035273E-6,800.000011921E-3,
,,,654.800038319E-6,1.6000000,
,,,655.199983157E-6,800.000011921E-3,
,,,655.599986203E-6,1.6000000,
,,,655.999989249E-6,1.6000000,
,,,656.399992295E-6,1.6000000,
,,,656.799995340E-6,800.000011921E-3,
,,,657.199998386E-6,1.6000000,
,,,657.600001432E-6,0.0,
,,,658.000004478E-6,800.000011921E-3,
,,,658.400007524E-6,800.000011921E-3,
,,,658.800010569E-6,800.000011921E-3,
,,,659.200013615E-6,800.000011921E-3,
,,,659.600016661E-6,1.6000000,
,,,660.000019707E-6,800.000011921E-3,
,,,660.400022753E-6,800.000011921E-3,
,,,660.800025798E-6,1.6000000,
,,,661.200028844E-6,2.4000001,
,,,661.600031890E-6,2.4000001,
,,,662.000034936E-6,2.4000001,
,,,662.400037982E-6,3.20000005,
,,,662.799982820E-6,800.000011921E-3,
,,,663.199985866E-6,800.000011921E-3,
,,,663.599988911E-6,800.000011921E-3,
,,,663.999991957E-6,1.6000000,
,,,664.399995003E-6,800.000011921E-3,
,,,664.799998049E-6,800.000011921E-3,
,,,665.200001094E-6,800.000011921E-3,
,,,665.600004140E-6,0.0,
,,,666.000007186E-6,-800.000011921E-3,
,,,666.400010232E-6,0.0,
,,,666.800013278E-6,800.000011921E-3,
,,,667.200016323E-6,0.0,
,,,667.600019369E-6,0.0,
,,,668.000022415E-6,0.0,
,,,668.400025461E-6,0.0,
,,,668.800028507E-6,800.000011921E-3,
,,,669.200031552E-6,800.000011921E-3,
,,,669.600034598E-6,-800.000011921E-3,
,,,670.000037644E-6,800.000011921E-3,
,,,670.399982482E-6,0.0,
,,,670.799985528E-6,0.0,
,,,671.199988574E-6,800.000011921E-3,
,,,671.599991620E-6,800.000011921E-3,
,,,671.999994665E-6,0.0,
,,,672.399997711E-6,800.000011921E-3,
,,,672.800000757E-6,0.0,
,,,673.200003803E-6,800.000011921E-3,
,,,673.600006849E-6,800.000011921E-3,
,,,674.000009894E-6,800.000011921E-3,
,,,674.400012940E-6,800.000011921E-3,
,,,674.800015986E-6,2.4000001,
,,,675.200019032E-6,800.000011921E-3,
,,,675.600022078E-6,2.4000001,
,,,676.000025123E-6,3.20000005,
,,,676.400028169E-6,2.4000001,
,,,676.800031215E-6,2.4000001,
,,,677.200034261E-6,3.20000005,
,,,677.600037307E-6,2.4000001,
,,,677.999982145E-6,3.20000005,
,,,678.399985190E-6,3.20000005,
,,,678.799988236E-6,3.20000005,
,,,679.199991282E-6,3.20000005,
,,,679.599994328E-6,1.6000000,
,,,679.999997374E-6,2.4000001,
,,,680.400000419E-6,2.4000001,
,,,680.800003465E-6,1.6000000,
,,,681.200006511E-6,800.000011921E-3,
,,,681.600009557E-6,1.6000000,
,,,682.000012603E-6,1.6000000,
,,,682.400015648E-6,800.000011921E-3,
,,,682.800018694E-6,1.6000000,
,,,683.200021740E-6,1.6000000,
,,,683.600024786E-6,1.6000000,
,,,684.000027832E-6,1.6000000,
,,,684.400030877E-6,800.000011921E-3,
,,,684.800033923E-6,1.6000000,
,,,685.200036969E-6,800.000011921E-3,
,,,685.599981807E-6,0.0,
,,,685.999984853E-6,800.000011921E-3,
,,,686.399987899E-6,0.0,
,,,686.799990945E-6,800.000011921E-3,
,,,687.199993990E-6,0.0,
,,,687.599997036E-6,-800.000011921E-3,
,,,688.000000082E-6,800.000011921E-3,
,,,688.400003128E-6,0.0,
,,,688.800006174E-6,-800.000011921E-3,
,,,689.200009219E-6,800.000011921E-3,
,,,689.600012265E-6,800.000011921E-3,
,,,690.000015311E-6,0.0,
,,,690.400018357E-6,0.0,
,,,690.800021403E-6,800.000011921E-3,
,,,691.200024448E-6,800.000011921E-3,
,,,691.600027494E-6,800.000011921E-3,
,,,692.000030540E-6,1.6000000,
,,,692.400033586E-6,800.000011921E-3,
,,,692.800036632E-6,800.000011921E-3,
,,,693.199981470E-6,1.6000000,
,,,693.599984515E-6,1.6000000,
,,,693.999987561E-6,1.6000000,
,,,694.399990607E-6,1.6000000,
,,,694.799993653E-6,800.000011921E-3,
,,,695.199996699E-6,800.000011921E-3,
,,,695.599999744E-6,800.000011921E-3,
,,,696.000002790E-6,1.6000000,
,,,696.400005836E-6,2.4000001,
,,,696.800008882E-6,2.4000001,
,,,697.200011928E-6,1.6000000,
,,,697.600014973E-6,800.000011921E-3,
,,,698.000018019E-6,1.6000000,
,,,698.400021065E-6,800.000011921E-3,
,,,698.800024111E-6,1.6000000,
,,,699.200027157E-6,800.000011921E-3,
,,,699.600030202E-6,800.000011921E-3,
,,,700.000033248E-6,800.000011921E-3,
,,,700.400036294E-6,0.0,
,,,700.799981132E-6,800.000011921E-3,
,,,701.199984178E-6,800.000011921E-3,
,,,701.599987224E-6,1.6000000,
,,,701.999990270E-6,1.6000000,
,,,702.399993315E-6,800.000011921E-3,
,,,702.799996361E-6,1.6000000,
,,,703.199999407E-6,800.000011921E-3,
,,,703.600002453E-6,800.000011921E-3,
,,,704.000005499E-6,-800.000011921E-3,
,,,704.400008544E-6,800.000011921E-3,
,,,704.800011590E-6,800.000011921E-3,
,,,705.200014636E-6,1.6000000,
,,,705.600017682E-6,0.0,
,,,706.000020728E-6,800.000011921E-3,
,,,706.400023773E-6,0.0,
,,,706.800026819E-6,800.000011921E-3,
,,,707.200029865E-6,800.000011921E-3,
,,,707.600032911E-6,0.0,
,,,708.000035957E-6,800.000011921E-3,
,,,708.400039002E-6,800.000011921E-3,
,,,708.799983840E-6,800.000011921E-3,
,,,709.199986886E-6,800.000011921E-3,
,,,709.599989932E-6,800.000011921E-3,
,,,709.999992978E-6,800.000011921E-3,
,,,710.399996024E-6,800.000011921E-3,
,,,710.799999069E-6,0.0,
,,,711.200002115E-6,1.6000000,
,,,711.600005161E-6,800.000011921E-3,
,,,712.000008207E-6,800.000011921E-3,
,,,712.400011253E-6,1.6000000,
,,,712.800014298E-6,800.000011921E-3,
,,,713.200017344E-6,800.000011921E-3,
,,,713.600020390E-6,1.6000000,
,,,714.000023436E-6,1.6000000,
,,,714.400026482E-6,2.4000001,
,,,714.800029527E-6,2.4000001,
,,,715.200032573E-6,3.20000005,
,,,715.600035619E-6,2.4000001,
,,,716.000038665E-6,2.4000001,
,,,716.399983503E-6,2.4000001,
,,,716.799986549E-6,2.4000001,
,,,717.199989595E-6,2.4000001,
,,,717.599992640E-6,1.6000000,
,,,717.999995686E-6,2.4000001,
,,,718.399998732E-6,3.20000005,
,,,718.800001778E-6,2.4000001,
,,,719.200004824E-6,2.4000001,
,,,719.600007869E-6,1.6000000,
,,,720.000010915E-6,2.4000001,
,,,720.400013961E-6,1.6000000,
,,,720.800017007E-6,2.4000001,
,,,721.200020052E-6,2.4000001,
,,,721.600023098E-6,800.000011921E-3,
,,,722.000026144E-6,1.6000000,
,,,722.400029190E-6,800.000011921E-3,
,,,722.800032236E-6,1.6000000,
,,,723.200035281E-6,0.0,
,,,723.600038327E-6,800.000011921E-3,
,,,723.999983165E-6,800.000011921E-3,
,,,724.399986211E-6,0.0,
,,,724.799989257E-6,800.000011921E-3,
,,,725.199992303E-6,800.000011921E-3,
,,,725.599995349E-6,0.0,
,,,725.999998394E-6,0.0,
,,,726.400001440E-6,-800.000011921E-3,
,,,726.800004486E-6,800.000011921E-3,
,,,727.200007532E-6,-800.000011921E-3,
,,,727.600010578E-6,800.000011921E-3,
,,,728.000013623E-6,0.0,
,,,728.400016669E-6,800.000011921E-3,
,,,728.800019715E-6,800.000011921E-3,
,,,729.200022761E-6,800.000011921E-3,
,,,729.600025807E-6,0.0,
,,,730.000028852E-6,0.0,
,,,730.400031898E-6,800.000011921E-3,
,,,730.800034944E-6,0.0,
,,,731.200037990E-6,800.000011921E-3,
,,,731.599982828E-6,800.000011921E-3,
,,,731.999985874E-6,800.000011921E-3,
,,,732.399988919E-6,800.000011921E-3,
,,,732.799991965E-6,800.000011921E-3,
,,,733.199995011E-6,1.6000000,
,,,733.599998057E-6,800.000011921E-3,
,,,734.000001103E-6,1.6000000,
,,,734.400004148E-6,1.6000000,
,,,734.800007194E-6,1.6000000,
,,,735.200010240E-6,800.000011921E-3,
,,,735.600013286E-6,1.6000000,
,,,736.000016332E-6,2.4000001,
,,,736.400019377E-6,2.4000001,
,,,736.800022423E-6,3.20000005,
,,,737.200025469E-6,1.6000000,
,,,737.600028515E-6,3.20000005,
,,,738.000031561E-6,2.4000001,
,,,738.400034606E-6,2.4000001,
,,,738.800037652E-6,1.6000000,
,,,739.199982490E-6,2.4000001,
,,,739.599985536E-6,2.4000001,
,,,739.999988582E-6,1.6000000,
,,,740.399991628E-6,1.6000000,
,,,740.799994674E-6,2.4000001,
,,,741.199997719E-6,2.4000001,
,,,741.600000765E-6,2.4000001,
,,,742.000003811E-6,2.4000001,
,,,742.400006857E-6,2.4000001,
,,,742.800009903E-6,2.4000001,
,,,743.200012948E-6,1.6000000,
,,,743.600015994E-6,2.4000001,
,,,744.000019040E-6,2.4000001,
,,,744.400022086E-6,1.6000000,
,,,744.800025132E-6,1.6000000,
,,,745.200028177E-6,2.4000001,
,,,745.600031223E-6,1.6000000,
,,,746.000034269E-6,3.20000005,
,,,746.400037315E-6,1.6000000,
,,,746.799982153E-6,800.000011921E-3,
,,,747.199985199E-6,2.4000001,
,,,747.599988244E-6,2.4000001,
,,,747.999991290E-6,2.4000001,
,,,748.399994336E-6,2.4000001,
,,,748.799997382E-6,1.6000000,
,,,749.200000428E-6,3.20000005,
,,,749.600003473E-6,2.4000001,
,,,750.000006519E-6,2.4000001,
,,,750.400009565E-6,1.6000000,
,,,750.800012611E-6,1.6000000,
,,,751.200015657E-6,1.6000000,
,,,751.600018702E-6,1.6000000,
,,,752.000021748E-6,800.000011921E-3,
,,,752.400024794E-6,1.6000000,
,,,752.800027840E-6,800.000011921E-3,
,,,753.200030886E-6,0.0,
,,,753.600033931E-6,1.6000000,
,,,754.000036977E-6,800.000011921E-3,
,,,754.399981815E-6,0.0,
,,,754.799984861E-6,800.000011921E-3,
,,,755.199987907E-6,0.0,
,,,755.599990953E-6,800.000011921E-3,
,,,755.999993999E-6,1.6000000,
,,,756.399997044E-6,2.4000001,
,,,756.800000090E-6,2.4000001,
,,,757.200003136E-6,2.4000001,
,,,757.600006182E-6,3.20000005,
,,,758.000009228E-6,2.4000001,
,,,758.400012273E-6,2.4000001,
,,,758.800015319E-6,3.20000005,
,,,759.200018365E-6,2.4000001,
,,,759.600021411E-6,2.4000001,
,,,760.000024457E-6,3.20000005,
,,,760.400027502E-6,4.00000000,
,,,760.800030548E-6,4.00000000,
,,,761.200033594E-6,4.00000000,
,,,761.600036640E-6,4.80000019,
,,,762.000039686E-6,4.00000000,
,,,762.399984524E-6,4.80000019,
,,,762.799987569E-6,4.80000019,
,,,763.199990615E-6,4.80000019,
,,,763.599993661E-6,5.59999990,
,,,763.999996707E-6,5.59999990,
,,,764.399999753E-6,4.00000000,
,,,764.800002798E-6,4.00000000,
,,,765.200005844E-6,4.80000019,
,,,765.600008890E-6,5.59999990,
,,,766.000011936E-6,5.59999990,
,,,766.400014982E-6,4.80000019,
,,,766.800018027E-6,4.80000019,
,,,767.200021073E-6,4.00000000,
,,,767.600024119E-6,3.20000005,
,,,768.000027165E-6,2.4000001,
,,,768.400030211E-6,3.20000005,
,,,768.800033256E-6,4.00000000,
,,,769.200036302E-6,3.20000005,
,,,769.600039348E-6,3.20000005,
,,,769.999984186E-6,3.20000005,
,,,770.399987232E-6,4.80000019,
,,,770.799990278E-6,4.00000000,
,,,771.199993324E-6,4.00000000,
,,,771.599996369E-6,3.20000005,
,,,771.999999415E-6,4.00000000,
,,,772.400002461E-6,3.20000005,
,,,772.800005507E-6,4.00000000,
,,,773.200008553E-6,2.4000001,
,,,773.600011598E-6,3.20000005,
,,,774.000014644E-6,3.20000005,
,,,774.400017690E-6,3.20000005,
,,,774.800020736E-6,2.4000001,
,,,775.200023782E-6,1.6000000,
,,,775.600026827E-6,2.4000001,
,,,776.000029873E-6,2.4000001,
,,,776.400032919E-6,1.6000000,
,,,776.800035965E-6,800.000011921E-3,
,,,777.200039010E-6,2.4000001,
,,,777.599983849E-6,1.6000000,
,,,777.999986894E-6,1.6000000,
,,,778.399989940E-6,2.4000001,
,,,778.799992986E-6,3.20000005,
,,,779.199996032E-6,1.6000000,
,,,779.599999078E-6,1.6000000,
,,,780.000002123E-6,1.6000000,
,,,780.400005169E-6,2.4000001,
,,,780.800008215E-6,3.20000005,
,,,781.200011261E-6,4.00000000,
,,,781.600014307E-6,2.4000001,
,,,782.000017352E-6,2.4000001,
,,,782.400020398E-6,3.20000005,
,,,782.800023444E-6,1.6000000,
,,,783.200026490E-6,1.6000000,
,,,783.600029536E-6,2.4000001,
,,,784.000032581E-6,1.6000000,
,,,784.400035627E-6,2.4000001,
,,,784.800038673E-6,1.6000000,
,,,785.199983511E-6,1.6000000,
,,,785.599986557E-6,1.6000000,
,,,785.999989603E-6,2.4000001,
,,,786.399992649E-6,1.6000000,
,,,786.799995694E-6,800.000011921E-3,
,,,787.199998740E-6,1.6000000,
,,,787.600001786E-6,1.6000000,
,,,788.000004832E-6,1.6000000,
,,,788.400007877E-6,2.4000001,
,,,788.800010923E-6,2.4000001,
,,,789.200013969E-6,3.20000005,
,,,789.600017015E-6,2.4000001,
,,,790.000020061E-6,3.20000005,
,,,790.400023106E-6,2.4000001,
,,,790.800026152E-6,1.6000000,
,,,791.200029198E-6,1.6000000,
,,,791.600032244E-6,3.20000005,
,,,792.000035290E-6,2.4000001,
,,,792.400038335E-6,3.20000005,
,,,792.799983174E-6,3.20000005,
,,,793.199986219E-6,2.4000001,
,,,793.599989265E-6,4.00000000,
,,,793.999992311E-6,3.20000005,
,,,794.399995357E-6,2.4000001,
,,,794.799998403E-6,1.6000000,
,,,795.200001448E-6,2.4000001,
,,,795.600004494E-6,2.4000001,
,,,796.000007540E-6,3.20000005,
,,,796.400010586E-6,1.6000000,
,,,796.800013632E-6,3.20000005,
,,,797.200016677E-6,2.4000001,
,,,797.600019723E-6,3.20000005,
,,,798.000022769E-6,3.20000005,
,,,798.400025815E-6,3.20000005,
,,,798.800028861E-6,2.4000001,
,,,799.200031906E-6,3.20000005,
,,,799.600034952E-6,2.4000001,
,,,800.000037998E-6,2.4000001,
,,,800.399982836E-6,3.20000005,
,,,800.799985882E-6,2.4000001,
,,,801.199988928E-6,2.4000001,
,,,801.599991973E-6,1.6000000,
,,,801.999995019E-6,2.4000001,
,,,802.399998065E-6,1.6000000,
,,,802.800001111E-6,1.6000000,
,,,803.200004157E-6,800.000011921E-3,
,,,803.600007202E-6,3.20000005,
,,,804.000010248E-6,3.20000005,
,,,804.400013294E-6,1.6000000,
,,,804.800016340E-6,3.20000005,
,,,805.200019386E-6,1.6000000,
,,,805.600022431E-6,1.6000000,
,,,806.000025477E-6,2.4000001,
,,,806.400028523E-6,800.000011921E-3,
,,,806.800031569E-6,2.4000001,
,,,807.200034615E-6,3.20000005,
,,,807.600037660E-6,2.4000001,
,,,807.999982499E-6,3.20000005,
,,,808.399985544E-6,3.20000005,
,,,808.799988590E-6,2.4000001,
,,,809.199991636E-6,2.4000001,
,,,809.599994682E-6,2.4000001,
,,,809.999997728E-6,3.20000005,
,,,810.400000773E-6,2.4000001,
,,,810.800003819E-6,4.00000000,
,,,811.200006865E-6,2.4000001,
,,,811.600009911E-6,2.4000001,
,,,812.000012957E-6,2.4000001,
,,,812.400016002E-6,1.6000000,
,,,812.800019048E-6,1.6000000,
,,,813.200022094E-6,2.4000001,
,,,813.600025140E-6,2.4000001,
,,,814.000028186E-6,4.00000000,
,,,814.400031231E-6,3.20000005,
,,,814.800034277E-6,3.20000005,
,,,815.200037323E-6,4.80000019,
,,,815.600040369E-6,4.00000000,
,,,815.999985207E-6,4.00000000,
,,,816.399988253E-6,3.20000005,
,,,816.799991298E-6,3.20000005,
,,,817.199994344E-6,3.20000005,
,,,817.599997390E-6,3.20000005,
,,,818.000000436E-6,4.00000000,
,,,818.400003482E-6,4.00000000,
,,,818.800006527E-6,3.20000005,
,,,819.200009573E-6,3.20000005,
,,,819.600012619E-6,4.00000000,
,,,820.000015665E-6,4.80000019,
,,,820.400018711E-6,4.80000019,
,,,820.800021756E-6,4.80000019,
,,,821.200024802E-6,4.80000019,
,,,821.600027848E-6,4.80000019,
,,,822.000030894E-6,5.59999990,
,,,822.400033940E-6,4.80000019,
,,,822.800036985E-6,4.00000000,
,,,823.200040031E-6,6.40000010,
,,,823.599984869E-6,5.59999990,
,,,823.999987915E-6,5.59999990,
,,,824.399990961E-6,6.40000010,
,,,824.799994007E-6,6.40000010,
,,,825.199997053E-6,7.20000029,
,,,825.600000098E-6,7.20000029,
,,,826.000003144E-6,6.40000010,
,,,826.400006190E-6,6.40000010,
,,,826.800009236E-6,6.40000010,
,,,827.200012282E-6,7.20000029,
,,,827.600015327E-6,6.40000010,
,,,828.000018373E-6,6.40000010,
,,,828.400021419E-6,7.20000029,
,,,828.800024465E-6,5.59999990,
,,,829.200027511E-6,6.40000010,
,,,829.600030556E-6,5.59999990,
,,,830.000033602E-6,5.59999990,
,,,830.400036648E-6,4.80000019,
,,,830.800039694E-6,4.80000019,
,,,831.199984532E-6,4.80000019,
,,,831.599987578E-6,4.00000000,
,,,831.999990623E-6,4.00000000,
,,,832.399993669E-6,4.00000000,
,,,832.799996715E-6,3.20000005,
,,,833.199999761E-6,3.20000005,
,,,833.600002807E-6,3.20000005,
,,,834.000005852E-6,2.4000001,
,,,834.400008898E-6,3.20000005,
,,,834.800011944E-6,3.20000005,
,,,835.200014990E-6,2.4000001,
,,,835.600018036E-6,2.4000001,
,,,836.000021081E-6,2.4000001,
,,,836.400024127E-6,2.4000001,
,,,836.800027173E-6,2.4000001,
,,,837.200030219E-6,3.20000005,
,,,837.600033265E-6,2.4000001,
,,,838.000036310E-6,2.4000001,
,,,838.400039356E-6,3.20000005,
,,,838.799984194E-6,3.20000005,
,,,839.199987240E-6,2.4000001,
,,,839.599990286E-6,2.4000001,
,,,839.999993332E-6,2.4000001,
,,,840.399996378E-6,2.4000001,
,,,840.799999423E-6,3.20000005,
,,,841.200002469E-6,2.4000001,
,,,841.600005515E-6,2.4000001,
,,,842.000008561E-6,4.00000000,
,,,842.400011607E-6,3.20000005,
,,,842.800014652E-6,2.4000001,
,,,843.200017698E-6,4.00000000,
,,,843.600020744E-6,3.20000005,
,,,844.000023790E-6,3.20000005,
,,,844.400026836E-6,3.20000005,
,,,844.800029881E-6,3.20000005,
,,,845.200032927E-6,3.20000005,
,,,845.600035973E-6,2.4000001,
,,,846.000039019E-6,4.00000000,
,,,846.399983857E-6,2.4000001,
,,,846.799986903E-6,3.20000005,
,,,847.199989948E-6,1.6000000,
,,,847.599992994E-6,2.4000001,
,,,847.999996040E-6,1.6000000,
,,,848.399999086E-6,1.6000000,
,,,848.800002132E-6,1.6000000,
,,,849.200005177E-6,1.6000000,
,,,849.600008223E-6,3.20000005,
,,,850.000011269E-6,2.4000001,
,,,850.400014315E-6,2.4000001,
,,,850.800017361E-6,800.000011921E-3,
,,,851.200020406E-6,1.6000000,
,,,851.600023452E-6,2.4000001,
,,,852.000026498E-6,2.4000001,
,,,852.400029544E-6,800.000011921E-3,
,,,852.800032590E-6,1.6000000,
,,,853.200035635E-6,800.000011921E-3,
,,,853.600038681E-6,1.6000000,
,,,853.999983519E-6,800.000011921E-3,
,,,854.399986565E-6,1.6000000,
,,,854.799989611E-6,1.6000000,
,,,855.199992657E-6,2.4000001,
,,,855.599995703E-6,1.6000000,
,,,855.999998748E-6,1.6000000,
,,,856.400001794E-6,2.4000001,
,,,856.800004840E-6,3.20000005,
,,,857.200007886E-6,3.20000005,
,,,857.600010931E-6,2.4000001,
,,,858.000013977E-6,2.4000001,
,,,858.400017023E-6,2.4000001,
,,,858.800020069E-6,800.000011921E-3,
,,,859.200023115E-6,2.4000001,
,,,859.600026160E-6,3.20000005,
,,,860.000029206E-6,3.20000005,
,,,860.400032252E-6,4.00000000,
,,,860.800035298E-6,2.4000001,
,,,861.200038344E-6,2.4000001,
,,,861.599983182E-6,3.20000005,
,,,861.999986228E-6,2.4000001,
,,,862.399989273E-6,3.20000005,
,,,862.799992319E-6,3.20000005,
,,,863.199995365E-6,3.20000005,
,,,863.599998411E-6,3.20000005,
,,,864.000001457E-6,2.4000001,
,,,864.400004502E-6,2.4000001,
,,,864.800007548E-6,3.20000005,
,,,865.200010594E-6,2.4000001,
,,,865.600013640E-6,1.6000000,
,,,866.000016686E-6,1.6000000,
,,,866.400019731E-6,2.4000001,
,,,866.800022777E-6,2.4000001,
,,,867.200025823E-6,3.20000005,
,,,867.600028869E-6,800.000011921E-3,
,,,868.000031915E-6,800.000011921E-3,
,,,868.400034960E-6,1.6000000,
,,,868.800038006E-6,1.6000000,
,,,869.199982844E-6,1.6000000,
,,,869.599985890E-6,2.4000001,
,,,869.999988936E-6,2.4000001,
,,,870.399991982E-6,2.4000001,
,,,870.799995027E-6,1.6000000,
,,,871.199998073E-6,1.6000000,
,,,871.600001119E-6,1.6000000,
,,,872.000004165E-6,1.6000000,
,,,872.400007211E-6,2.4000001,
,,,872.800010256E-6,2.4000001,
,,,873.200013302E-6,1.6000000,
,,,873.600016348E-6,2.4000001,
,,,874.000019394E-6,1.6000000,
,,,874.400022440E-6,800.000011921E-3,
,,,874.800025485E-6,1.6000000,
,,,875.200028531E-6,2.4000001,
,,,875.600031577E-6,800.000011921E-3,
,,,876.000034623E-6,800.000011921E-3,
,,,876.400037669E-6,1.6000000,
,,,876.800040714E-6,800.000011921E-3,
,,,877.199985553E-6,800.000011921E-3,
,,,877.599988598E-6,800.000011921E-3,
,,,877.999991644E-6,800.000011921E-3,
,,,878.399994690E-6,0.0,
,,,878.799997736E-6,1.6000000,
,,,879.200000782E-6,800.000011921E-3,
,,,879.600003827E-6,0.0,
,,,880.000006873E-6,800.000011921E-3,
,,,880.400009919E-6,800.000011921E-3,
,,,880.800012965E-6,1.6000000,
,,,881.200016011E-6,1.6000000,
,,,881.600019056E-6,1.6000000,
,,,882.000022102E-6,800.000011921E-3,
,,,882.400025148E-6,-800.000011921E-3,
,,,882.800028194E-6,800.000011921E-3,
,,,883.200031240E-6,2.4000001,
,,,883.600034285E-6,1.6000000,
,,,884.000037331E-6,1.6000000,
,,,884.400040377E-6,2.4000001,
,,,884.799985215E-6,3.20000005,
,,,885.199988261E-6,3.20000005,
,,,885.599991307E-6,3.20000005,
,,,885.999994352E-6,4.00000000,
,,,886.399997398E-6,4.00000000,
,,,886.800000444E-6,4.00000000,
,,,887.200003490E-6,4.00000000,
,,,887.600006536E-6,4.00000000,
,,,888.000009581E-6,2.4000001,
,,,888.400012627E-6,4.00000000,
,,,888.800015673E-6,4.00000000,
,,,889.200018719E-6,4.00000000,
,,,889.600021765E-6,4.00000000,
,,,890.000024810E-6,4.00000000,
,,,890.400027856E-6,3.20000005,
,,,890.800030902E-6,4.00000000,
,,,891.200033948E-6,3.20000005,
,,,891.600036994E-6,4.00000000,
,,,892.000040039E-6,2.4000001,
,,,892.399984878E-6,4.80000019,
,,,892.799987923E-6,4.80000019,
,,,893.199990969E-6,4.80000019,
,,,893.599994015E-6,3.20000005,
,,,893.999997061E-6,3.20000005,
,,,894.400000107E-6,4.00000000,
,,,894.800003152E-6,3.20000005,
,,,895.200006198E-6,4.00000000,
,,,895.600009244E-6,4.00000000,
,,,896.000012290E-6,4.00000000,
,,,896.400015336E-6,3.20000005,
,,,896.800018381E-6,4.00000000,
,,,897.200021427E-6,4.80000019,
,,,897.600024473E-6,5.59999990,
,,,898.000027519E-6,4.80000019,
,,,898.400030565E-6,5.59999990,
,,,898.800033610E-6,4.80000019,
,,,899.200036656E-6,5.59999990,
,,,899.600039702E-6,4.80000019,
,,,899.999984540E-6,5.59999990,
,,,900.399987586E-6,5.59999990,
,,,900.799990632E-6,4.80000019,
,,,901.199993677E-6,5.59999990,
,,,901.599996723E-6,3.20000005,
,,,901.999999769E-6,4.00000000,
,,,902.400002815E-6,4.00000000,
,,,902.800005861E-6,4.00000000,
,,,903.200008906E-6,4.80000019,
,,,903.600011952E-6,4.00000000,
,,,904.000014998E-6,4.00000000,
,,,904.400018044E-6,4.80000019,
,,,904.800021090E-6,4.00000000,
,,,905.200024135E-6,3.20000005,
,,,905.600027181E-6,3.20000005,
,,,906.000030227E-6,4.00000000,
,,,906.400033273E-6,3.20000005,
,,,906.800036319E-6,4.00000000,
,,,907.200039364E-6,2.4000001,
,,,907.599984203E-6,3.20000005,
,,,907.999987248E-6,3.20000005,
,,,908.399990294E-6,3.20000005,
,,,908.799993340E-6,3.20000005,
,,,909.199996386E-6,3.20000005,
,,,909.599999432E-6,3.20000005,
,,,910.000002477E-6,3.20000005,
,,,910.400005523E-6,1.6000000,
,,,910.800008569E-6,2.4000001,
,,,911.200011615E-6,1.6000000,
,,,911.600014661E-6,2.4000001,
,,,912.000017706E-6,3.20000005,
,,,912.400020752E-6,2.4000001,
,,,912.800023798E-6,1.6000000,
,,,913.200026844E-6,1.6000000,
,,,913.600029889E-6,2.4000001,
,,,914.000032935E-6,1.6000000,
,,,914.400035981E-6,2.4000001,
,,,914.800039027E-6,3.20000005,
,,,915.199983865E-6,1.6000000,
,,,915.599986911E-6,2.4000001,
,,,915.999989957E-6,1.6000000,
,,,916.399993002E-6,2.4000001,
,,,916.799996048E-6,1.6000000,
,,,917.199999094E-6,1.6000000,
,,,917.600002140E-6,3.20000005,
,,,918.000005186E-6,1.6000000,
,,,918.400008231E-6,1.6000000,
,,,918.800011277E-6,2.4000001,
,,,919.200014323E-6,2.4000001,
,,,919.600017369E-6,1.6000000,
,,,920.000020415E-6,2.4000001,
,,,920.400023460E-6,800.000011921E-3,
,,,920.800026506E-6,1.6000000,
,,,921.200029552E-6,1.6000000,
,,,921.600032598E-6,800.000011921E-3,
,,,922.000035644E-6,2.4000001,
,,,922.400038689E-6,2.4000001,
,,,922.799983528E-6,2.4000001,
,,,923.199986573E-6,1.6000000,
,,,923.599989619E-6,3.20000005,
,,,923.999992665E-6,2.4000001,
,,,924.399995711E-6,2.4000001,
,,,924.799998756E-6,3.20000005,
,,,925.200001802E-6,3.20000005,
,,,925.600004848E-6,3.20000005,
,,,926.000007894E-6,2.4000001,
,,,926.400010940E-6,2.4000001,
,,,926.800013985E-6,3.20000005,
,,,927.200017031E-6,2.4000001,
,,,927.600020077E-6,2.4000001,
,,,928.000023123E-6,2.4000001,
,,,928.400026169E-6,3.20000005,
,,,928.800029214E-6,3.20000005,
,,,929.200032260E-6,2.4000001,
,,,929.600035306E-6,3.20000005,
,,,930.000038352E-6,3.20000005,
,,,930.400041398E-6,3.20000005,
,,,930.799986236E-6,3.20000005,
,,,931.199989282E-6,3.20000005,
,,,931.599992327E-6,2.4000001,
,,,931.999995373E-6,2.4000001,
,,,932.399998419E-6,4.00000000,
,,,932.800001465E-6,3.20000005,
,,,933.200004511E-6,4.00000000,
,,,933.600007556E-6,2.4000001,
,,,934.000010602E-6,3.20000005,
,,,934.400013648E-6,3.20000005,
,,,934.800016694E-6,3.20000005,
,,,935.200019740E-6,2.4000001,
,,,935.600022785E-6,3.20000005,
,,,936.000025831E-6,3.20000005,
,,,936.400028877E-6,3.20000005,
,,,936.800031923E-6,2.4000001,
,,,937.200034969E-6,3.20000005,
,,,937.600038014E-6,2.4000001,
,,,938.000041060E-6,800.000011921E-3,
,,,938.399985898E-6,1.6000000,
,,,938.799988944E-6,1.6000000,
,,,939.199991990E-6,2.4000001,
,,,939.599995036E-6,3.20000005,
,,,939.999998081E-6,2.4000001,
,,,940.400001127E-6,2.4000001,
,,,940.800004173E-6,2.4000001,
,,,941.200007219E-6,1.6000000,
,,,941.600010265E-6,2.4000001,
,,,942.000013310E-6,1.6000000,
,,,942.400016356E-6,2.4000001,
,,,942.800019402E-6,1.6000000,
,,,943.200022448E-6,2.4000001,
,,,943.600025494E-6,1.6000000,
,,,944.000028539E-6,2.4000001,
,,,944.400031585E-6,2.4000001,
,,,944.800034631E-6,1.6000000,
,,,945.200037677E-6,800.000011921E-3,
,,,945.600040723E-6,1.6000000,
,,,945.999985561E-6,1.6000000,
,,,946.399988607E-6,1.6000000,
,,,946.799991652E-6,800.000011921E-3,
,,,947.199994698E-6,1.6000000,
,,,947.599997744E-6,1.6000000,
,,,948.000000790E-6,800.000011921E-3,
,,,948.400003836E-6,800.000011921E-3,
,,,948.800006881E-6,800.000011921E-3,
,,,949.200009927E-6,800.000011921E-3,
,,,949.600012973E-6,1.6000000,
,,,950.000016019E-6,800.000011921E-3,
,,,950.400019065E-6,800.000011921E-3,
,,,950.800022110E-6,1.6000000,
,,,951.200025156E-6,1.6000000,
,,,951.600028202E-6,1.6000000,
,,,952.000031248E-6,2.4000001,
,,,952.400034294E-6,800.000011921E-3,
,,,952.800037339E-6,1.6000000,
,,,953.200040385E-6,800.000011921E-3,
,,,953.599985223E-6,800.000011921E-3,
,,,953.999988269E-6,1.6000000,
,,,954.399991315E-6,1.6000000,
,,,954.799994361E-6,800.000011921E-3,
,,,955.199997406E-6,800.000011921E-3,
,,,955.600000452E-6,2.4000001,
,,,956.000003498E-6,800.000011921E-3,
,,,956.400006544E-6,1.6000000,
,,,956.800009590E-6,800.000011921E-3,
,,,957.200012635E-6,800.000011921E-3,
,,,957.600015681E-6,1.6000000,
,,,958.000018727E-6,800.000011921E-3,
,,,958.400021773E-6,800.000011921E-3,
,,,958.800024819E-6,800.000011921E-3,
,,,959.200027864E-6,800.000011921E-3,
,,,959.600030910E-6,1.6000000,
,,,960.000033956E-6,2.4000001,
,,,960.400037002E-6,3.20000005,
,,,960.800040048E-6,2.4000001,
,,,961.199984886E-6,1.6000000,
,,,961.599987932E-6,1.6000000,
,,,961.999990977E-6,2.4000001,
,,,962.399994023E-6,3.20000005,
,,,962.799997069E-6,1.6000000,
,,,963.200000115E-6,2.4000001,
,,,963.600003161E-6,3.20000005,
,,,964.000006206E-6,4.00000000,
,,,964.400009252E-6,3.20000005,
,,,964.800012298E-6,1.6000000,
,,,965.200015344E-6,2.4000001,
,,,965.600018390E-6,3.20000005,
,,,966.000021435E-6,2.4000001,
,,,966.400024481E-6,3.20000005,
,,,966.800027527E-6,3.20000005,
,,,967.200030573E-6,3.20000005,
,,,967.600033619E-6,3.20000005,
,,,968.000036664E-6,4.00000000,
,,,968.400039710E-6,3.20000005,
,,,968.799984548E-6,4.00000000,
,,,969.199987594E-6,4.00000000,
,,,969.599990640E-6,1.6000000,
,,,969.999993686E-6,1.6000000,
,,,970.399996731E-6,2.4000001,
,,,970.799999777E-6,2.4000001,
,,,971.200002823E-6,1.6000000,
,,,971.600005869E-6,2.4000001,
